 3101, 3102, 3103, 3153, 3154 3157, 3158, , 
 3402, 3404, 
 5111, 5112, 5113, 5114, 5117, 5119, 5124, 5314, 5315, 5316, 5334, 5378,  5512, 5515 
 5711, 5911, 5913, 5914, 5916, 5954,  6411, 6412, 6413, 
 6438, 6611, 7131, 7132, 7133, 7134, 7135, 7137, 7138, 7140, 7141, 7143, 
 7233,  7331, 7332, 7333, 7334, 7335, 7337, 7338, 7339, 7340, 8111, 8115, 8117, 8135,  8215, 8216, 
 8235,  8315, 8316, 8317,  8326, 8327,  8336, 8415, 8416,  8435 
 9461,  
 12052, 12053, 13051, 13052, 13053, 13054, 13055, 13056, 13057, 13058, 13059, 13060, 13061, 
 13062, 14511, 14612, 14628, 14713, 15001, 15082, 15083, 15084, 15085, 15086, 15087, 15088, 15089, 15091, 16051, 16052, 16056, 
16072 

