
Descriptive statistics
============================================================
Statistic       N     Mean    St. Dev.     Min       Max    
------------------------------------------------------------
comId          334 8,488.317  3,854.197   1,001     16,077  
Y_mean         334  454.688    52.518    303.552   587.337  
Y_sd           334   29.386     5.478    17.746     40.740  
Y_sum          334 13,640.650 1,575.539 9,106.561 17,620.120
Y_anomaly_mean 334   4.401     79.916   -220.613   237.796  
Y_anomaly_sd   334   29.386     5.478    17.746     40.740  
Y_max          334  488.181    52.270    340.446   620.884  
Y_min          334  373.878    59.922    208.669   484.306  
Y_anomaly_max  334   37.894    79.515   -191.321   274.772  
Y_anomaly_min  334  -76.409    87.218   -314.997   182.085  
------------------------------------------------------------
