
Descriptive statistics
============================================================
Statistic       N     Mean    St. Dev.     Min       Max    
------------------------------------------------------------
comId          334 8,488.317  3,854.197   1,001     16,077  
Y_mean         334  458.944    53.692    309.031   595.705  
Y_sd           334   21.264     3.430    12.412     34.104  
Y_sum          334 13,768.330 1,610.767 9,270.937 17,871.150
Y_anomaly_mean 334   8.656     80.795   -214.336   242.735  
Y_anomaly_sd   334   21.264     3.430    12.412     34.104  
Y_max          334  488.956    53.138    338.439   671.281  
Y_min          334  401.175    60.755    237.014   535.271  
Y_anomaly_max  334   38.669    80.067   -187.705   266.847  
Y_anomaly_min  334  -49.113    86.827   -302.460   199.115  
------------------------------------------------------------
