
Descriptive statistics
============================================================
Statistic       N     Mean    St. Dev.     Min       Max    
------------------------------------------------------------
comId          334 8,488.317  3,854.197   1,001     16,077  
Y_mean         334  432.262    50.351    278.127   573.744  
Y_sd           334   34.496     4.023    22.008     44.407  
Y_sum          334 12,967.850 1,510.520 8,343.814 17,212.330
Y_anomaly_mean 334  -18.026    77.845   -247.307   204.696  
Y_anomaly_sd   334   34.496     4.023    22.008     44.407  
Y_max          334  484.693    54.066    321.514   619.021  
Y_min          334  353.500    50.957    192.196   483.848  
Y_anomaly_max  334   34.405    81.061   -200.402   264.869  
Y_anomaly_min  334  -96.788    79.276   -334.082   130.521  
------------------------------------------------------------
