
Descriptive statistics
============================================================
Statistic         N    Mean    St. Dev.     Min       Max   
------------------------------------------------------------
comId            412 8,407.973 3,791.133   1,001    16,077  
year_Mean        412 1,985.500   0.000   1,985.500 1,985.500
SMI_Jan_Mean     412   0.443     0.049     0.000     0.496  
SMI_Feb_Mean     412   0.442     0.049     0.000     0.504  
SMI_Mar_Mean     412   0.473     0.053     0.000     0.532  
SMI_Apr_Mean     412   0.470     0.050     0.000     0.517  
SMI_May_Mean     412   0.476     0.051     0.000     0.529  
SMI_Jun_Mean     412   0.498     0.055     0.000     0.558  
SMI_Jul_Mean     412   0.534     0.060     0.000     0.590  
SMI_Aug_Mean     412   0.540     0.060     0.000     0.591  
SMI_Sep_Mean     412   0.515     0.057     0.000     0.574  
SMI_Oct_Mean     412   0.485     0.054     0.000     0.536  
SMI_Nov_Mean     412   0.500     0.058     0.000     0.578  
SMI_Dec_Mean     412   0.464     0.052     0.000     0.526  
Pre_Jan_Mean     412  87.632    19.708     0.000    155.117 
Pre_Feb_Mean     412  82.853    18.765     0.000    145.194 
Pre_Mar_Mean     412  69.762    15.437     0.000    126.465 
Pre_Apr_Mean     412  70.362    14.111     0.000    121.033 
Pre_May_Mean     412  81.745    14.774     0.000    136.364 
Pre_Jun_Mean     412  91.944    15.845     0.000    140.964 
Pre_Jul_Mean     412  92.137    15.680     0.000    139.618 
Pre_Aug_Mean     412  91.533    16.471     0.000    142.864 
Pre_Sep_Mean     412  78.398    16.458     0.000    132.952 
Pre_Oct_Mean     412  89.039    21.008     0.000    155.140 
Pre_Nov_Mean     412  96.461    21.459     0.000    170.240 
Pre_Dec_Mean     412  94.320    22.016     0.000    174.397 
Tav_Jan_Mean     412   1.060     0.805    -1.055     2.863  
Tav_Feb_Mean     412   1.434     0.799    -0.676     3.227  
Tav_Mar_Mean     412   4.074     0.800     0.000     5.672  
Tav_Apr_Mean     412   8.097     1.036     0.000     9.527  
Tav_May_Mean     412  12.479     1.406     0.000    13.907  
Tav_Jun_Mean     412  15.070     1.621     0.000    16.658  
Tav_Jul_Mean     412  16.718     1.762     0.000    18.342  
Tav_Aug_Mean     412  15.895     1.672     0.000    17.437  
Tav_Sep_Mean     412  13.398     1.428     0.000    14.772  
Tav_Oct_Mean     412   9.644     1.102     0.000    11.008  
Tav_Nov_Mean     412   5.021     0.812     0.000     6.749  
Tav_Dec_Mean     412   2.605     0.867     0.000     4.544  
SMI_Aug_lag_Mean 412   0.544     0.060     0.000     0.592  
SMI_Sep_lag_Mean 412   0.528     0.059     0.000     0.577  
SMI_Oct_lag_Mean 412   0.495     0.055     0.000     0.548  
SMI_Nov_lag_Mean 412   0.499     0.056     0.000     0.565  
SMI_Dec_lag_Mean 412   0.469     0.052     0.000     0.521  
Tav_Aug_lag_Mean 412  15.869     1.669     0.000    17.413  
Tav_Sep_lag_Mean 412  13.423     1.430     0.000    14.795  
Tav_Oct_lag_Mean 412   9.550     1.093     0.000    10.928  
Tav_Nov_lag_Mean 412   4.935     0.810     0.000     6.687  
Tav_Dec_lag_Mean 412   2.643     0.883     0.000     4.612  
Pre_Aug_lag_Mean 412  92.813    16.539     0.000    145.622 
Pre_Sep_lag_Mean 412  79.897    16.905     0.000    136.071 
Pre_Oct_lag_Mean 412  87.980    20.493     0.000    152.831 
Pre_Nov_lag_Mean 412  94.440    20.818     0.000    166.817 
Pre_Dec_lag_Mean 412  95.712    22.315     0.000    177.044 
year_Sd          412   8.684     0.000     8.684     8.684  
SMI_Jan_Sd       412   0.264     0.027     0.000     0.286  
SMI_Feb_Sd       412   0.248     0.026     0.000     0.271  
SMI_Mar_Sd       412   0.268     0.029     0.000     0.298  
SMI_Apr_Sd       412   0.266     0.028     0.000     0.291  
SMI_May_Sd       412   0.265     0.027     0.000     0.288  
SMI_Jun_Sd       412   0.262     0.027     0.000     0.285  
SMI_Jul_Sd       412   0.254     0.027     0.000     0.280  
SMI_Aug_Sd       412   0.255     0.027     0.000     0.279  
SMI_Sep_Sd       412   0.250     0.026     0.000     0.277  
SMI_Oct_Sd       412   0.260     0.027     0.000     0.296  
SMI_Nov_Sd       412   0.259     0.027     0.000     0.286  
SMI_Dec_Sd       412   0.264     0.028     0.000     0.293  
Pre_Jan_Sd       412  33.457    10.676     0.000    86.219  
Pre_Feb_Sd       412  36.397    11.293     0.000    85.452  
Pre_Mar_Sd       412  31.328     8.697     0.000    64.316  
Pre_Apr_Sd       412  30.754     7.287     0.000    59.922  
Pre_May_Sd       412  31.086     6.473     0.000    60.876  
Pre_Jun_Sd       412  31.579     6.505     0.000    60.428  
Pre_Jul_Sd       412  39.222     8.097     0.000    73.285  
Pre_Aug_Sd       412  34.841     8.363     0.000    71.236  
Pre_Sep_Sd       412  39.637    10.030     0.000    88.094  
Pre_Oct_Sd       412  39.317    12.112     0.000    101.105 
Pre_Nov_Sd       412  40.545    12.481     0.000    97.189  
Pre_Dec_Sd       412  42.105    15.111     0.000    122.301 
Tav_Jan_Sd       412   2.221     0.249     0.000     2.580  
Tav_Feb_Sd       412   2.228     0.255     0.000     2.555  
Tav_Mar_Sd       412   2.036     0.250     0.000     2.405  
Tav_Apr_Sd       412   1.953     0.262     0.000     2.461  
Tav_May_Sd       412   1.756     0.194     0.000     2.017  
Tav_Jun_Sd       412   1.480     0.224     0.000     1.938  
Tav_Jul_Sd       412   1.755     0.263     0.000     2.343  
Tav_Aug_Sd       412   1.621     0.260     0.000     2.289  
Tav_Sep_Sd       412   1.469     0.255     0.000     2.049  
Tav_Oct_Sd       412   1.617     0.245     0.000     2.134  
Tav_Nov_Sd       412   1.975     0.244     0.000     2.404  
Tav_Dec_Sd       412   2.042     0.239     0.000     2.359  
SMI_Aug_lag_Sd   412   0.254     0.026     0.000     0.276  
SMI_Sep_lag_Sd   412   0.247     0.026     0.000     0.276  
SMI_Oct_lag_Sd   412   0.259     0.027     0.000     0.297  
SMI_Nov_lag_Sd   412   0.259     0.027     0.000     0.287  
SMI_Dec_lag_Sd   412   0.264     0.028     0.000     0.291  
Tav_Aug_lag_Sd   412   1.647     0.264     0.000     2.316  
Tav_Sep_lag_Sd   412   1.445     0.251     0.000     2.020  
Tav_Oct_lag_Sd   412   1.705     0.233     0.000     2.177  
Tav_Nov_lag_Sd   412   1.999     0.244     0.000     2.429  
Tav_Dec_lag_Sd   412   2.036     0.235     0.000     2.347  
Pre_Aug_lag_Sd   412  35.771     8.477     0.000    72.786  
Pre_Sep_lag_Sd   412  38.861     9.935     0.000    87.882  
Pre_Oct_lag_Sd   412  39.259    11.984     0.000    100.497 
Pre_Nov_lag_Sd   412  40.160    12.119     0.000    96.286  
Pre_Dec_lag_Sd   412  42.171    15.193     0.000    123.862 
------------------------------------------------------------
