
Descriptive statistics
============================================================
Statistic         N    Mean    St. Dev.     Min       Max   
------------------------------------------------------------
comId            412 8,407.973 3,791.133   1,001    16,077  
year_Mean        412 2,035.500   0.000   2,035.500 2,035.500
SMI_Jan_Mean     412   0.538     0.056     0.000     0.590  
SMI_Feb_Mean     412   0.542     0.056     0.000     0.597  
SMI_Mar_Mean     412   0.515     0.055     0.000     0.563  
SMI_Apr_Mean     412   0.432     0.046     0.000     0.491  
SMI_May_Mean     412   0.471     0.052     0.000     0.524  
SMI_Jun_Mean     412   0.490     0.054     0.000     0.557  
SMI_Jul_Mean     412   0.533     0.061     0.000     0.619  
SMI_Aug_Mean     412   0.534     0.056     0.000     0.580  
SMI_Sep_Mean     412   0.574     0.061     0.000     0.623  
SMI_Oct_Mean     412   0.588     0.061     0.000     0.630  
SMI_Nov_Mean     412   0.554     0.058     0.000     0.600  
SMI_Dec_Mean     412   0.551     0.058     0.000     0.606  
Pre_Jan_Mean     412  103.007   24.731     0.000    183.473 
Pre_Feb_Mean     412  92.983    20.262     0.000    161.624 
Pre_Mar_Mean     412  76.623    15.450     0.000    125.913 
Pre_Apr_Mean     412  76.741    17.067     0.000    141.214 
Pre_May_Mean     412  89.258    17.517     0.000    147.116 
Pre_Jun_Mean     412  92.303    18.372     0.000    163.042 
Pre_Jul_Mean     412  95.222    18.815     0.000    157.626 
Pre_Aug_Mean     412  98.158    16.975     0.000    141.791 
Pre_Sep_Mean     412  105.108   20.754     0.000    159.113 
Pre_Oct_Mean     412  96.099    19.199     0.000    157.007 
Pre_Nov_Mean     412  102.944   22.228     0.000    169.656 
Pre_Dec_Mean     412  112.417   24.682     0.000    204.299 
Tav_Jan_Mean     412   1.925     0.814    -0.410     3.778  
Tav_Feb_Mean     412   3.023     0.822     0.000     4.849  
Tav_Mar_Mean     412   3.647     0.791     0.000     5.214  
Tav_Apr_Mean     412   7.866     1.041     0.000     9.303  
Tav_May_Mean     412  11.890     1.321     0.000    13.046  
Tav_Jun_Mean     412  14.638     1.549     0.000    15.967  
Tav_Jul_Mean     412  16.149     1.693     0.000    17.634  
Tav_Aug_Mean     412  15.507     1.622     0.000    16.803  
Tav_Sep_Mean     412  12.889     1.379     0.000    14.122  
Tav_Oct_Mean     412   9.591     1.109     0.000    10.866  
Tav_Nov_Mean     412   5.719     0.921     0.000     7.579  
Tav_Dec_Mean     412   2.619     0.888     0.000     4.598  
SMI_Aug_lag_Mean 412   0.552     0.058     0.000     0.602  
SMI_Sep_lag_Mean 412   0.587     0.062     0.000     0.635  
SMI_Oct_lag_Mean 412   0.589     0.061     0.000     0.639  
SMI_Nov_lag_Mean 412   0.551     0.059     0.000     0.616  
SMI_Dec_lag_Mean 412   0.544     0.057     0.000     0.614  
Tav_Aug_lag_Mean 412  15.413     1.612     0.000    16.692  
Tav_Sep_lag_Mean 412  12.830     1.375     0.000    14.061  
Tav_Oct_lag_Mean 412   9.569     1.111     0.000    10.855  
Tav_Nov_lag_Mean 412   5.517     0.916     0.000     7.403  
Tav_Dec_lag_Mean 412   2.561     0.898     0.000     4.586  
Pre_Aug_lag_Mean 412  99.957    16.903     0.000    143.077 
Pre_Sep_lag_Mean 412  105.002   20.746     0.000    157.884 
Pre_Oct_lag_Mean 412  93.016    18.399     0.000    158.917 
Pre_Nov_lag_Mean 412  101.960   21.907     0.000    168.067 
Pre_Dec_lag_Mean 412  111.888   24.392     0.000    203.674 
year_Sd          412   8.803     0.000     8.803     8.803  
SMI_Jan_Sd       412   0.251     0.031     0.000     0.296  
SMI_Feb_Sd       412   0.254     0.032     0.000     0.306  
SMI_Mar_Sd       412   0.270     0.031     0.000     0.316  
SMI_Apr_Sd       412   0.252     0.028     0.000     0.294  
SMI_May_Sd       412   0.248     0.028     0.000     0.290  
SMI_Jun_Sd       412   0.254     0.030     0.000     0.304  
SMI_Jul_Sd       412   0.254     0.033     0.000     0.305  
SMI_Aug_Sd       412   0.248     0.032     0.000     0.316  
SMI_Sep_Sd       412   0.241     0.032     0.000     0.292  
SMI_Oct_Sd       412   0.244     0.030     0.000     0.300  
SMI_Nov_Sd       412   0.250     0.030     0.000     0.296  
SMI_Dec_Sd       412   0.257     0.030     0.000     0.303  
Pre_Jan_Sd       412  36.487     8.361     0.000    62.788  
Pre_Feb_Sd       412  33.612     8.935     0.000    74.280  
Pre_Mar_Sd       412  33.088     8.649     0.000    57.388  
Pre_Apr_Sd       412  29.530     6.403     0.000    56.772  
Pre_May_Sd       412  34.544     7.063     0.000    65.845  
Pre_Jun_Sd       412  31.355     9.114     0.000    74.598  
Pre_Jul_Sd       412  36.936     8.034     0.000    64.144  
Pre_Aug_Sd       412  33.080     5.889     0.000    49.861  
Pre_Sep_Sd       412  41.829    11.093     0.000    79.312  
Pre_Oct_Sd       412  37.692     8.168     0.000    80.204  
Pre_Nov_Sd       412  39.774     9.813     0.000    70.423  
Pre_Dec_Sd       412  39.968     9.861     0.000    80.272  
Tav_Jan_Sd       412   2.056     0.294     0.000     2.532  
Tav_Feb_Sd       412   2.224     0.245     0.000     2.497  
Tav_Mar_Sd       412   2.333     0.251     0.000     2.568  
Tav_Apr_Sd       412   1.321     0.137     0.000     1.427  
Tav_May_Sd       412   1.644     0.169     0.000     1.775  
Tav_Jun_Sd       412   1.463     0.181     0.000     1.708  
Tav_Jul_Sd       412   1.374     0.189     0.000     1.725  
Tav_Aug_Sd       412   1.129     0.129     0.000     1.281  
Tav_Sep_Sd       412   1.217     0.182     0.000     1.499  
Tav_Oct_Sd       412   1.597     0.226     0.000     1.978  
Tav_Nov_Sd       412   1.529     0.161     0.000     1.734  
Tav_Dec_Sd       412   1.812     0.295     0.000     2.310  
SMI_Aug_lag_Sd   412   0.249     0.031     0.000     0.310  
SMI_Sep_lag_Sd   412   0.244     0.031     0.000     0.298  
SMI_Oct_lag_Sd   412   0.247     0.031     0.000     0.306  
SMI_Nov_lag_Sd   412   0.254     0.030     0.000     0.301  
SMI_Dec_lag_Sd   412   0.261     0.031     0.000     0.312  
Tav_Aug_lag_Sd   412   1.158     0.134     0.000     1.298  
Tav_Sep_lag_Sd   412   1.212     0.194     0.000     1.538  
Tav_Oct_lag_Sd   412   1.604     0.230     0.000     2.021  
Tav_Nov_lag_Sd   412   1.622     0.173     0.000     1.842  
Tav_Dec_lag_Sd   412   1.841     0.288     0.000     2.307  
Pre_Aug_lag_Sd   412  34.634     5.815     0.000    51.434  
Pre_Sep_lag_Sd   412  42.546    11.472     0.000    83.685  
Pre_Oct_lag_Sd   412  38.317     8.058     0.000    80.078  
Pre_Nov_lag_Sd   412  40.332     9.940     0.000    70.434  
Pre_Dec_lag_Sd   412  39.526     9.568     0.000    79.487  
------------------------------------------------------------
