
Descriptive statistics
============================================================
Statistic         N    Mean    St. Dev.     Min       Max   
------------------------------------------------------------
comId            412 8,407.973 3,791.133   1,001    16,077  
year_Mean        412 1,985.500   0.000   1,985.500 1,985.500
SMI_Jan_Mean     412   0.454     0.051     0.000     0.521  
SMI_Feb_Mean     412   0.465     0.053     0.000     0.532  
SMI_Mar_Mean     412   0.505     0.055     0.000     0.579  
SMI_Apr_Mean     412   0.515     0.055     0.000     0.570  
SMI_May_Mean     412   0.522     0.055     0.000     0.596  
SMI_Jun_Mean     412   0.532     0.057     0.000     0.600  
SMI_Jul_Mean     412   0.566     0.063     0.000     0.650  
SMI_Aug_Mean     412   0.554     0.063     0.000     0.631  
SMI_Sep_Mean     412   0.529     0.061     0.000     0.604  
SMI_Oct_Mean     412   0.486     0.056     0.000     0.569  
SMI_Nov_Mean     412   0.521     0.064     0.000     0.610  
SMI_Dec_Mean     412   0.479     0.056     0.000     0.573  
Pre_Jan_Mean     412  99.507    20.943     0.000    173.291 
Pre_Feb_Mean     412  89.912    20.821     0.000    157.902 
Pre_Mar_Mean     412  78.950    17.759     0.000    141.630 
Pre_Apr_Mean     412  77.618    15.739     0.000    141.360 
Pre_May_Mean     412  84.166    16.341     0.000    140.934 
Pre_Jun_Mean     412  97.057    17.648     0.000    163.796 
Pre_Jul_Mean     412  97.050    19.049     0.000    160.541 
Pre_Aug_Mean     412  95.440    19.476     0.000    156.889 
Pre_Sep_Mean     412  80.182    16.749     0.000    129.897 
Pre_Oct_Mean     412  94.953    19.812     0.000    147.661 
Pre_Nov_Mean     412  104.079   22.102     0.000    180.097 
Pre_Dec_Mean     412  98.191    20.792     0.000    159.314 
Tav_Jan_Mean     412   0.942     0.819    -1.361     2.824  
Tav_Feb_Mean     412   1.233     0.869    -1.172     3.219  
Tav_Mar_Mean     412   3.060     0.813     0.000     4.784  
Tav_Apr_Mean     412   6.569     0.949     0.000     8.020  
Tav_May_Mean     412  11.179     1.287     0.000    12.329  
Tav_Jun_Mean     412  14.159     1.505     0.000    15.527  
Tav_Jul_Mean     412  15.455     1.625     0.000    16.849  
Tav_Aug_Mean     412  14.627     1.542     0.000    15.927  
Tav_Sep_Mean     412  12.485     1.353     0.000    13.645  
Tav_Oct_Mean     412   8.866     1.070     0.000    10.244  
Tav_Nov_Mean     412   4.355     0.812     0.000     6.009  
Tav_Dec_Mean     412   2.461     0.842     0.000     4.263  
SMI_Aug_lag_Mean 412   0.562     0.063     0.000     0.643  
SMI_Sep_lag_Mean 412   0.544     0.062     0.000     0.620  
SMI_Oct_lag_Mean 412   0.498     0.056     0.000     0.578  
SMI_Nov_lag_Mean 412   0.518     0.061     0.000     0.602  
SMI_Dec_lag_Mean 412   0.480     0.055     0.000     0.566  
Tav_Aug_lag_Mean 412  14.598     1.539     0.000    15.898  
Tav_Sep_lag_Mean 412  12.482     1.350     0.000    13.612  
Tav_Oct_lag_Mean 412   8.760     1.062     0.000    10.165  
Tav_Nov_lag_Mean 412   4.249     0.807     0.000     5.932  
Tav_Dec_lag_Mean 412   2.501     0.861     0.000     4.355  
Pre_Aug_lag_Mean 412  96.557    19.377     0.000    159.403 
Pre_Sep_lag_Mean 412  81.424    17.092     0.000    130.402 
Pre_Oct_lag_Mean 412  94.007    19.123     0.000    146.013 
Pre_Nov_lag_Mean 412  100.963   21.315     0.000    172.605 
Pre_Dec_lag_Mean 412  99.799    21.062     0.000    161.865 
year_Sd          412   8.803     0.000     8.803     8.803  
SMI_Jan_Sd       412   0.264     0.030     0.000     0.305  
SMI_Feb_Sd       412   0.249     0.030     0.000     0.298  
SMI_Mar_Sd       412   0.266     0.034     0.000     0.316  
SMI_Apr_Sd       412   0.268     0.030     0.000     0.311  
SMI_May_Sd       412   0.261     0.028     0.000     0.303  
SMI_Jun_Sd       412   0.248     0.029     0.000     0.293  
SMI_Jul_Sd       412   0.256     0.029     0.000     0.307  
SMI_Aug_Sd       412   0.251     0.030     0.000     0.298  
SMI_Sep_Sd       412   0.252     0.029     0.000     0.301  
SMI_Oct_Sd       412   0.266     0.031     0.000     0.312  
SMI_Nov_Sd       412   0.260     0.029     0.000     0.304  
SMI_Dec_Sd       412   0.268     0.030     0.000     0.311  
Pre_Jan_Sd       412  31.750     7.559     0.000    61.032  
Pre_Feb_Sd       412  35.029     9.062     0.000    67.414  
Pre_Mar_Sd       412  30.958     8.763     0.000    66.802  
Pre_Apr_Sd       412  34.412     8.361     0.000    70.475  
Pre_May_Sd       412  29.036     6.923     0.000    58.764  
Pre_Jun_Sd       412  29.183     7.572     0.000    58.517  
Pre_Jul_Sd       412  34.652     7.922     0.000    58.281  
Pre_Aug_Sd       412  30.834     6.662     0.000    59.584  
Pre_Sep_Sd       412  34.910     9.164     0.000    64.221  
Pre_Oct_Sd       412  37.742     8.243     0.000    67.082  
Pre_Nov_Sd       412  41.026     9.527     0.000    78.245  
Pre_Dec_Sd       412  37.097     8.057     0.000    73.910  
Tav_Jan_Sd       412   2.291     0.251     0.000     2.606  
Tav_Feb_Sd       412   2.103     0.226     0.000     2.339  
Tav_Mar_Sd       412   1.880     0.193     0.000     2.028  
Tav_Apr_Sd       412   1.884     0.225     0.000     2.145  
Tav_May_Sd       412   1.518     0.155     0.000     1.606  
Tav_Jun_Sd       412   1.255     0.190     0.000     1.533  
Tav_Jul_Sd       412   1.412     0.181     0.000     1.715  
Tav_Aug_Sd       412   1.222     0.155     0.000     1.400  
Tav_Sep_Sd       412   1.174     0.168     0.000     1.458  
Tav_Oct_Sd       412   1.423     0.196     0.000     1.730  
Tav_Nov_Sd       412   1.840     0.214     0.000     2.116  
Tav_Dec_Sd       412   1.863     0.256     0.000     2.324  
SMI_Aug_lag_Sd   412   0.250     0.030     0.000     0.299  
SMI_Sep_lag_Sd   412   0.248     0.030     0.000     0.301  
SMI_Oct_lag_Sd   412   0.267     0.032     0.000     0.314  
SMI_Nov_lag_Sd   412   0.260     0.030     0.000     0.306  
SMI_Dec_lag_Sd   412   0.266     0.030     0.000     0.309  
Tav_Aug_lag_Sd   412   1.259     0.160     0.000     1.443  
Tav_Sep_lag_Sd   412   1.171     0.170     0.000     1.449  
Tav_Oct_lag_Sd   412   1.552     0.181     0.000     1.798  
Tav_Nov_lag_Sd   412   1.879     0.215     0.000     2.126  
Tav_Dec_lag_Sd   412   1.853     0.246     0.000     2.255  
Pre_Aug_lag_Sd   412  31.497     6.550     0.000    60.312  
Pre_Sep_lag_Sd   412  33.850     8.944     0.000    62.600  
Pre_Oct_lag_Sd   412  37.235     7.877     0.000    67.093  
Pre_Nov_lag_Sd   412  41.278     9.061     0.000    72.967  
Pre_Dec_lag_Sd   412  37.383     8.363     0.000    78.893  
------------------------------------------------------------
