
Descriptive statistics
============================================================
Statistic         N    Mean    St. Dev.     Min       Max   
------------------------------------------------------------
comId            412 8,407.973 3,791.133   1,001    16,077  
year_Mean        412 1,985.500   0.000   1,985.500 1,985.500
SMI_Jan_Mean     412   0.473     0.056     0.000     0.550  
SMI_Feb_Mean     412   0.476     0.055     0.000     0.542  
SMI_Mar_Mean     412   0.521     0.062     0.000     0.612  
SMI_Apr_Mean     412   0.512     0.057     0.000     0.595  
SMI_May_Mean     412   0.517     0.054     0.000     0.565  
SMI_Jun_Mean     412   0.537     0.059     0.000     0.597  
SMI_Jul_Mean     412   0.573     0.065     0.000     0.658  
SMI_Aug_Mean     412   0.605     0.070     0.000     0.675  
SMI_Sep_Mean     412   0.557     0.063     0.000     0.621  
SMI_Oct_Mean     412   0.507     0.057     0.000     0.576  
SMI_Nov_Mean     412   0.536     0.062     0.000     0.620  
SMI_Dec_Mean     412   0.498     0.058     0.000     0.572  
Pre_Jan_Mean     412  79.559    21.541     0.000    189.290 
Pre_Feb_Mean     412  77.656    21.671     0.000    190.864 
Pre_Mar_Mean     412  66.943    18.406     0.000    169.931 
Pre_Apr_Mean     412  62.038    15.487     0.000    132.201 
Pre_May_Mean     412  85.704    18.232     0.000    177.069 
Pre_Jun_Mean     412  93.340    20.475     0.000    186.910 
Pre_Jul_Mean     412  103.119   25.661     0.000    223.482 
Pre_Aug_Mean     412  95.073    24.502     0.000    212.042 
Pre_Sep_Mean     412  65.789    20.999     0.000    160.757 
Pre_Oct_Mean     412  72.832    23.702     0.000    186.378 
Pre_Nov_Mean     412  84.547    23.837     0.000    203.364 
Pre_Dec_Mean     412  81.793    23.157     0.000    185.224 
Tav_Jan_Mean     412   0.850     0.970    -1.634     3.076  
Tav_Feb_Mean     412   1.288     0.921    -0.884     3.450  
Tav_Mar_Mean     412   4.088     0.920     0.000     6.147  
Tav_Apr_Mean     412   8.606     1.166     0.000    10.422  
Tav_May_Mean     412  12.757     1.500     0.000    14.482  
Tav_Jun_Mean     412  15.431     1.700     0.000    17.523  
Tav_Jul_Mean     412  17.006     1.810     0.000    19.031  
Tav_Aug_Mean     412  16.274     1.725     0.000    18.192  
Tav_Sep_Mean     412  14.061     1.508     0.000    15.898  
Tav_Oct_Mean     412  10.140     1.161     0.000    11.911  
Tav_Nov_Mean     412   5.138     0.926     0.000     7.634  
Tav_Dec_Mean     412   2.461     1.054    -0.060     5.181  
SMI_Aug_lag_Mean 412   0.612     0.072     0.000     0.689  
SMI_Sep_lag_Mean 412   0.573     0.066     0.000     0.647  
SMI_Oct_lag_Mean 412   0.522     0.059     0.000     0.596  
SMI_Nov_lag_Mean 412   0.541     0.063     0.000     0.624  
SMI_Dec_lag_Mean 412   0.506     0.060     0.000     0.589  
Tav_Aug_lag_Mean 412  16.241     1.721     0.000    18.155  
Tav_Sep_lag_Mean 412  14.027     1.504     0.000    15.860  
Tav_Oct_lag_Mean 412  10.023     1.152     0.000    11.800  
Tav_Nov_lag_Mean 412   5.080     0.928     0.000     7.584  
Tav_Dec_lag_Mean 412   2.509     1.068    -0.101     5.237  
Pre_Aug_lag_Mean 412  96.143    24.554     0.000    215.200 
Pre_Sep_lag_Mean 412  67.153    21.394     0.000    164.603 
Pre_Oct_lag_Mean 412  72.662    23.161     0.000    181.585 
Pre_Nov_lag_Mean 412  82.243    23.191     0.000    195.853 
Pre_Dec_lag_Mean 412  82.531    23.221     0.000    187.031 
year_Sd          412   8.803     0.000     8.803     8.803  
SMI_Jan_Sd       412   0.271     0.032     0.000     0.322  
SMI_Feb_Sd       412   0.251     0.030     0.000     0.299  
SMI_Mar_Sd       412   0.255     0.030     0.000     0.296  
SMI_Apr_Sd       412   0.265     0.030     0.000     0.326  
SMI_May_Sd       412   0.265     0.030     0.000     0.308  
SMI_Jun_Sd       412   0.253     0.029     0.000     0.303  
SMI_Jul_Sd       412   0.249     0.031     0.000     0.303  
SMI_Aug_Sd       412   0.245     0.034     0.000     0.304  
SMI_Sep_Sd       412   0.248     0.030     0.000     0.303  
SMI_Oct_Sd       412   0.260     0.031     0.000     0.324  
SMI_Nov_Sd       412   0.258     0.030     0.000     0.308  
SMI_Dec_Sd       412   0.271     0.032     0.000     0.317  
Pre_Jan_Sd       412  30.134     9.724     0.000    80.442  
Pre_Feb_Sd       412  33.481    12.874     0.000    104.700 
Pre_Mar_Sd       412  28.859     9.827     0.000    77.636  
Pre_Apr_Sd       412  25.232     7.324     0.000    51.537  
Pre_May_Sd       412  29.199     7.864     0.000    67.026  
Pre_Jun_Sd       412  30.439     6.177     0.000    52.974  
Pre_Jul_Sd       412  38.824     9.319     0.000    87.023  
Pre_Aug_Sd       412  32.231    10.101     0.000    76.398  
Pre_Sep_Sd       412  32.989    11.556     0.000    99.779  
Pre_Oct_Sd       412  32.200    11.817     0.000    97.381  
Pre_Nov_Sd       412  34.752    11.130     0.000    92.444  
Pre_Dec_Sd       412  34.764    10.658     0.000    86.863  
Tav_Jan_Sd       412   2.067     0.262     0.000     2.546  
Tav_Feb_Sd       412   2.135     0.259     0.000     2.496  
Tav_Mar_Sd       412   2.056     0.248     0.000     2.387  
Tav_Apr_Sd       412   1.862     0.243     0.000     2.179  
Tav_May_Sd       412   1.689     0.201     0.000     1.918  
Tav_Jun_Sd       412   1.337     0.206     0.000     1.612  
Tav_Jul_Sd       412   1.444     0.203     0.000     1.789  
Tav_Aug_Sd       412   1.328     0.170     0.000     1.562  
Tav_Sep_Sd       412   1.237     0.228     0.000     1.559  
Tav_Oct_Sd       412   1.505     0.270     0.000     1.990  
Tav_Nov_Sd       412   1.767     0.241     0.000     2.204  
Tav_Dec_Sd       412   2.095     0.287     0.000     2.627  
SMI_Aug_lag_Sd   412   0.244     0.034     0.000     0.305  
SMI_Sep_lag_Sd   412   0.244     0.031     0.000     0.301  
SMI_Oct_lag_Sd   412   0.259     0.031     0.000     0.325  
SMI_Nov_lag_Sd   412   0.257     0.031     0.000     0.309  
SMI_Dec_lag_Sd   412   0.271     0.032     0.000     0.317  
Tav_Aug_lag_Sd   412   1.366     0.177     0.000     1.556  
Tav_Sep_lag_Sd   412   1.237     0.226     0.000     1.567  
Tav_Oct_lag_Sd   412   1.629     0.261     0.000     2.123  
Tav_Nov_lag_Sd   412   1.795     0.240     0.000     2.202  
Tav_Dec_lag_Sd   412   2.093     0.283     0.000     2.608  
Pre_Aug_lag_Sd   412  32.855    10.422     0.000    80.369  
Pre_Sep_lag_Sd   412  31.924    11.240     0.000    96.357  
Pre_Oct_lag_Sd   412  32.304    11.765     0.000    97.980  
Pre_Nov_lag_Sd   412  34.429    10.787     0.000    85.789  
Pre_Dec_lag_Sd   412  35.046    10.683     0.000    88.411  
------------------------------------------------------------
