
Descriptive statistics
============================================================
Statistic         N    Mean    St. Dev.     Min       Max   
------------------------------------------------------------
comId            412 8,407.973 3,791.133   1,001    16,077  
year_Mean        412 2,035.500   0.000   2,035.500 2,035.500
SMI_Jan_Mean     412   0.517     0.053     0.000     0.561  
SMI_Feb_Mean     412   0.518     0.053     0.000     0.560  
SMI_Mar_Mean     412   0.484     0.049     0.000     0.524  
SMI_Apr_Mean     412   0.445     0.045     0.000     0.473  
SMI_May_Mean     412   0.478     0.050     0.000     0.515  
SMI_Jun_Mean     412   0.484     0.051     0.000     0.526  
SMI_Jul_Mean     412   0.523     0.054     0.000     0.569  
SMI_Aug_Mean     412   0.510     0.051     0.000     0.539  
SMI_Sep_Mean     412   0.550     0.057     0.000     0.592  
SMI_Oct_Mean     412   0.554     0.057     0.000     0.587  
SMI_Nov_Mean     412   0.518     0.053     0.000     0.555  
SMI_Dec_Mean     412   0.520     0.054     0.000     0.564  
Pre_Jan_Mean     412  96.271    23.855     0.000    178.402 
Pre_Feb_Mean     412  84.490    18.555     0.000    150.146 
Pre_Mar_Mean     412  67.909    13.969     0.000    116.389 
Pre_Apr_Mean     412  73.456    15.330     0.000    126.592 
Pre_May_Mean     412  84.022    15.677     0.000    143.743 
Pre_Jun_Mean     412  89.987    15.461     0.000    147.098 
Pre_Jul_Mean     412  90.201    14.555     0.000    132.616 
Pre_Aug_Mean     412  91.193    15.410     0.000    141.287 
Pre_Sep_Mean     412  96.904    19.770     0.000    161.994 
Pre_Oct_Mean     412  88.671    19.230     0.000    154.563 
Pre_Nov_Mean     412  96.684    22.371     0.000    172.260 
Pre_Dec_Mean     412  107.229   24.825     0.000    200.286 
Tav_Jan_Mean     412   2.007     0.800    -0.144     3.798  
Tav_Feb_Mean     412   3.011     0.771     0.000     4.655  
Tav_Mar_Mean     412   4.712     0.782     0.000     6.198  
Tav_Apr_Mean     412   8.875     1.088     0.000    10.294  
Tav_May_Mean     412  12.853     1.418     0.000    14.198  
Tav_Jun_Mean     412  15.668     1.672     0.000    17.236  
Tav_Jul_Mean     412  17.364     1.833     0.000    19.073  
Tav_Aug_Mean     412  16.903     1.770     0.000    18.516  
Tav_Sep_Mean     412  13.943     1.479     0.000    15.363  
Tav_Oct_Mean     412  10.551     1.160     0.000    11.763  
Tav_Nov_Mean     412   6.256     0.920     0.000     8.086  
Tav_Dec_Mean     412   2.779     0.846     0.000     4.825  
SMI_Aug_lag_Mean 412   0.520     0.053     0.000     0.553  
SMI_Sep_lag_Mean 412   0.558     0.059     0.000     0.601  
SMI_Oct_lag_Mean 412   0.552     0.057     0.000     0.584  
SMI_Nov_lag_Mean 412   0.511     0.052     0.000     0.556  
SMI_Dec_lag_Mean 412   0.511     0.053     0.000     0.561  
Tav_Aug_lag_Mean 412  16.825     1.763     0.000    18.422  
Tav_Sep_lag_Mean 412  13.893     1.473     0.000    15.304  
Tav_Oct_lag_Mean 412  10.516     1.158     0.000    11.721  
Tav_Nov_lag_Mean 412   6.073     0.916     0.000     7.946  
Tav_Dec_lag_Mean 412   2.729     0.854     0.000     4.799  
Pre_Aug_lag_Mean 412  92.074    15.301     0.000    138.770 
Pre_Sep_lag_Mean 412  96.908    19.501     0.000    158.944 
Pre_Oct_lag_Mean 412  85.886    18.356     0.000    148.435 
Pre_Nov_lag_Mean 412  95.704    21.907     0.000    169.324 
Pre_Dec_lag_Mean 412  106.945   24.588     0.000    200.533 
year_Sd          412   8.684     0.000     8.684     8.684  
SMI_Jan_Sd       412   0.256     0.028     0.000     0.290  
SMI_Feb_Sd       412   0.258     0.028     0.000     0.291  
SMI_Mar_Sd       412   0.269     0.028     0.000     0.303  
SMI_Apr_Sd       412   0.252     0.026     0.000     0.276  
SMI_May_Sd       412   0.250     0.027     0.000     0.285  
SMI_Jun_Sd       412   0.262     0.028     0.000     0.300  
SMI_Jul_Sd       412   0.267     0.028     0.000     0.294  
SMI_Aug_Sd       412   0.258     0.029     0.000     0.292  
SMI_Sep_Sd       412   0.253     0.027     0.000     0.282  
SMI_Oct_Sd       412   0.258     0.028     0.000     0.288  
SMI_Nov_Sd       412   0.261     0.028     0.000     0.290  
SMI_Dec_Sd       412   0.265     0.028     0.000     0.292  
Pre_Jan_Sd       412  38.308    12.064     0.000    92.494  
Pre_Feb_Sd       412  36.456    12.191     0.000    98.470  
Pre_Mar_Sd       412  33.284     8.183     0.000    65.267  
Pre_Apr_Sd       412  31.991     7.648     0.000    63.948  
Pre_May_Sd       412  33.507     6.310     0.000    63.924  
Pre_Jun_Sd       412  35.315     8.748     0.000    73.450  
Pre_Jul_Sd       412  40.095     7.383     0.000    67.694  
Pre_Aug_Sd       412  35.283     6.895     0.000    66.414  
Pre_Sep_Sd       412  41.748    11.352     0.000    91.871  
Pre_Oct_Sd       412  41.773    11.132     0.000    98.147  
Pre_Nov_Sd       412  44.402    14.281     0.000    109.789 
Pre_Dec_Sd       412  41.801    14.963     0.000    117.149 
Tav_Jan_Sd       412   2.159     0.257     0.000     2.553  
Tav_Feb_Sd       412   2.288     0.255     0.000     2.586  
Tav_Mar_Sd       412   2.090     0.265     0.000     2.624  
Tav_Apr_Sd       412   1.595     0.192     0.000     2.009  
Tav_May_Sd       412   1.540     0.169     0.000     1.788  
Tav_Jun_Sd       412   1.557     0.235     0.000     2.121  
Tav_Jul_Sd       412   1.773     0.266     0.000     2.325  
Tav_Aug_Sd       412   1.618     0.240     0.000     2.273  
Tav_Sep_Sd       412   1.474     0.258     0.000     2.095  
Tav_Oct_Sd       412   1.681     0.275     0.000     2.320  
Tav_Nov_Sd       412   1.769     0.212     0.000     2.135  
Tav_Dec_Sd       412   1.886     0.279     0.000     2.320  
SMI_Aug_lag_Sd   412   0.257     0.028     0.000     0.288  
SMI_Sep_lag_Sd   412   0.253     0.026     0.000     0.280  
SMI_Oct_lag_Sd   412   0.260     0.028     0.000     0.293  
SMI_Nov_lag_Sd   412   0.264     0.028     0.000     0.291  
SMI_Dec_lag_Sd   412   0.268     0.028     0.000     0.296  
Tav_Aug_lag_Sd   412   1.631     0.251     0.000     2.296  
Tav_Sep_lag_Sd   412   1.454     0.257     0.000     2.076  
Tav_Oct_lag_Sd   412   1.685     0.277     0.000     2.342  
Tav_Nov_lag_Sd   412   1.815     0.214     0.000     2.189  
Tav_Dec_lag_Sd   412   1.919     0.283     0.000     2.365  
Pre_Aug_lag_Sd   412  35.629     6.817     0.000    66.818  
Pre_Sep_lag_Sd   412  42.119    11.471     0.000    92.672  
Pre_Oct_lag_Sd   412  42.481    11.232     0.000    98.914  
Pre_Nov_lag_Sd   412  44.588    14.174     0.000    108.596 
Pre_Dec_lag_Sd   412  41.631    14.794     0.000    116.587 
------------------------------------------------------------
