
Descriptive statistics
=======================================================
Statistic         N    Mean    St. Dev.    Min    Max  
-------------------------------------------------------
SMI_Jan_Mean     412   0.064     0.047   -0.043  0.156 
SMI_Feb_Mean     412   0.069     0.037   -0.013  0.149 
SMI_Mar_Mean     412   0.029     0.032   -0.073  0.123 
SMI_Apr_Mean     412   0.005     0.035   -0.096  0.119 
SMI_May_Mean     412  -0.007     0.041   -0.110  0.083 
SMI_Jun_Mean     412  -0.055     0.049   -0.154  0.070 
SMI_Jul_Mean     412  -0.016     0.050   -0.121  0.132 
SMI_Aug_Mean     412  -0.027     0.040   -0.118  0.077 
SMI_Sep_Mean     412   0.039     0.035   -0.048  0.137 
SMI_Oct_Mean     412   0.061     0.036   -0.028  0.153 
SMI_Nov_Mean     412  -0.007     0.038   -0.089  0.102 
SMI_Dec_Mean     412   0.022     0.034   -0.044  0.102 
Pre_Jan_Mean     412  11.675     6.165   -3.056  29.883
Pre_Feb_Mean     412  -2.017     7.385   -18.039 11.428
Pre_Mar_Mean     412  -1.844     3.622   -13.664 6.766 
Pre_Apr_Mean     412   5.056     3.645   -2.755  14.159
Pre_May_Mean     412  -3.591     5.040   -17.683 10.516
Pre_Jun_Mean     412  -4.446     6.186   -16.410 16.514
Pre_Jul_Mean     412   2.438     4.871   -8.950  15.724
Pre_Aug_Mean     412  -0.440     5.524   -12.100 13.055
Pre_Sep_Mean     412  20.043     5.053    0.000  39.855
Pre_Oct_Mean     412  -6.087     6.401   -16.937 18.788
Pre_Nov_Mean     412  -7.257     5.940   -17.194 12.848
Pre_Dec_Mean     412  15.834     9.756   -2.874  45.418
Tav_Jan_Mean     412   1.077     0.163    0.000  1.289 
Tav_Feb_Mean     412   1.727     0.252    0.000  2.335 
Tav_Mar_Mean     412   0.562     0.156    0.000  0.833 
Tav_Apr_Mean     412   0.983     0.113    0.000  1.252 
Tav_May_Mean     412   0.593     0.145    0.000  0.930 
Tav_Jun_Mean     412   0.901     0.124    0.000  1.090 
Tav_Jul_Mean     412   0.640     0.114    0.000  0.821 
Tav_Aug_Mean     412   1.077     0.133    0.000  1.290 
Tav_Sep_Mean     412   0.554     0.152    0.000  0.950 
Tav_Oct_Mean     412   0.681     0.174    0.000  1.130 
Tav_Nov_Mean     412   1.140     0.156    0.000  1.319 
Tav_Dec_Mean     412   0.178     0.145   -0.029  0.600 
SMI_Aug_lag_Mean 412  -0.027     0.036   -0.109  0.070 
SMI_Sep_lag_Mean 412   0.036     0.037   -0.057  0.139 
SMI_Oct_lag_Mean 412   0.053     0.037   -0.027  0.153 
SMI_Nov_lag_Mean 412  -0.009     0.037   -0.085  0.097 
SMI_Dec_lag_Mean 412   0.014     0.035   -0.061  0.094 
Tav_Aug_lag_Mean 412   0.993     0.141    0.000  1.233 
Tav_Sep_lag_Mean 412   0.527     0.149    0.000  0.926 
Tav_Oct_lag_Mean 412   0.729     0.190    0.000  1.225 
Tav_Nov_lag_Mean 412   1.003     0.147    0.000  1.174 
Tav_Dec_lag_Mean 412   0.092     0.146   -0.143  0.496 
Pre_Aug_lag_Mean 412   1.025     6.017   -12.956 15.823
Pre_Sep_lag_Mean 412  19.106     4.857    0.000  34.552
Pre_Oct_lag_Mean 412  -7.404     6.340   -17.858 17.809
Pre_Nov_lag_Mean 412  -5.809     5.218   -15.044 11.602
Pre_Dec_lag_Mean 412  15.230     9.833   -3.457  44.057
year_Sd          412   0.000     0.000      0      0   
SMI_Jan_Sd       412  -0.013     0.026   -0.079  0.070 
SMI_Feb_Sd       412   0.005     0.030   -0.076  0.075 
SMI_Mar_Sd       412  -0.001     0.023   -0.071  0.056 
SMI_Apr_Sd       412  -0.009     0.021   -0.048  0.065 
SMI_May_Sd       412  -0.011     0.025   -0.060  0.065 
SMI_Jun_Sd       412  -0.024     0.032   -0.112  0.046 
SMI_Jul_Sd       412   0.017     0.028   -0.047  0.091 
SMI_Aug_Sd       412   0.021     0.031   -0.053  0.089 
SMI_Sep_Sd       412   0.003     0.030   -0.066  0.090 
SMI_Oct_Sd       412  -0.001     0.027   -0.070  0.087 
SMI_Nov_Sd       412   0.004     0.029   -0.060  0.092 
SMI_Dec_Sd       412   0.010     0.023   -0.041  0.075 
Pre_Jan_Sd       412   3.825     3.132   -3.100  11.684
Pre_Feb_Sd       412  -5.609     3.900   -13.766 6.617 
Pre_Mar_Sd       412   0.320     2.619   -7.651  7.265 
Pre_Apr_Sd       412   7.845     4.598   -4.787  15.731
Pre_May_Sd       412   0.205     6.102   -15.893 13.469
Pre_Jun_Sd       412  -0.505     5.692   -11.437 26.543
Pre_Jul_Sd       412   5.913     5.559   -4.902  22.798
Pre_Aug_Sd       412  -0.383     5.348   -16.760 15.576
Pre_Sep_Sd       412   5.388     5.389   -6.820  21.275
Pre_Oct_Sd       412  -0.769     6.811   -16.910 21.220
Pre_Nov_Sd       412   0.614     4.091   -8.329  11.361
Pre_Dec_Sd       412   4.413     6.536   -8.744  21.114
Tav_Jan_Sd       412  -0.133     0.097   -0.337  0.038 
Tav_Feb_Sd       412  -0.207     0.116   -0.528  0.154 
Tav_Mar_Sd       412   0.111     0.100   -0.200  0.274 
Tav_Apr_Sd       412  -0.255     0.059   -0.332  0.000 
Tav_May_Sd       412  -0.334     0.153   -0.549  0.080 
Tav_Jun_Sd       412  -0.013     0.135   -0.264  0.368 
Tav_Jul_Sd       412   0.162     0.069   -0.004  0.308 
Tav_Aug_Sd       412  -0.154     0.086   -0.331  0.097 
Tav_Sep_Sd       412  -0.056     0.130   -0.448  0.210 
Tav_Oct_Sd       412  -0.035     0.067   -0.182  0.124 
Tav_Nov_Sd       412  -0.090     0.124   -0.347  0.274 
Tav_Dec_Sd       412  -0.177     0.187   -0.562  0.372 
SMI_Aug_lag_Sd   412   0.023     0.028   -0.054  0.085 
SMI_Sep_lag_Sd   412   0.010     0.027   -0.052  0.087 
SMI_Oct_lag_Sd   412   0.002     0.026   -0.070  0.080 
SMI_Nov_lag_Sd   412   0.003     0.030   -0.069  0.092 
SMI_Dec_lag_Sd   412   0.010     0.023   -0.046  0.075 
Tav_Aug_lag_Sd   412  -0.174     0.077   -0.381  0.021 
Tav_Sep_lag_Sd   412  -0.030     0.122   -0.400  0.217 
Tav_Oct_lag_Sd   412  -0.117     0.051   -0.254  0.079 
Tav_Nov_lag_Sd   412  -0.045     0.116   -0.293  0.300 
Tav_Dec_lag_Sd   412  -0.157     0.202   -0.557  0.425 
Pre_Aug_lag_Sd   412   0.689     5.341   -16.184 16.776
Pre_Sep_lag_Sd   412   6.662     5.905   -5.867  23.112
Pre_Oct_lag_Sd   412  -0.835     7.020   -16.353 21.943
Pre_Nov_lag_Sd   412   2.363     3.991   -8.830  12.692
Pre_Dec_lag_Sd   412   4.151     6.178   -7.551  19.713
comId            412 8,407.973 3,791.133  1,001  16,077
-------------------------------------------------------
