
Descriptive statistics
=======================================================
Statistic         N    Mean    St. Dev.    Min    Max  
-------------------------------------------------------
SMI_Jan_Mean     412   0.111     0.069   -0.010  0.296 
SMI_Feb_Mean     412   0.139     0.059    0.000  0.313 
SMI_Mar_Mean     412   0.106     0.061   -0.020  0.289 
SMI_Apr_Mean     412   0.118     0.059   -0.035  0.295 
SMI_May_Mean     412   0.058     0.052   -0.049  0.210 
SMI_Jun_Mean     412  -0.021     0.068   -0.182  0.182 
SMI_Jul_Mean     412  -0.095     0.081   -0.253  0.196 
SMI_Aug_Mean     412  -0.109     0.078   -0.261  0.139 
SMI_Sep_Mean     412  -0.096     0.075   -0.231  0.140 
SMI_Oct_Mean     412  -0.035     0.078   -0.176  0.197 
SMI_Nov_Mean     412  -0.016     0.092   -0.193  0.261 
SMI_Dec_Mean     412   0.038     0.078   -0.089  0.264 
Pre_Jan_Mean     412  27.562     8.110    0.000  62.844
Pre_Feb_Mean     412   5.539     3.444   -3.612  15.854
Pre_Mar_Mean     412  12.419     3.652    0.000  23.141
Pre_Apr_Mean     412  15.463     4.580    0.000  33.737
Pre_May_Mean     412   2.642     4.737   -8.750  12.852
Pre_Jun_Mean     412  -12.420    7.414   -29.882 4.568 
Pre_Jul_Mean     412  -0.642     7.473   -19.548 21.538
Pre_Aug_Mean     412  -10.077    6.022   -26.710 5.130 
Pre_Sep_Mean     412  13.009     4.496    0.000  28.747
Pre_Oct_Mean     412   8.526    11.072   -10.751 37.071
Pre_Nov_Mean     412  14.966     7.372   -2.837  31.494
Pre_Dec_Mean     412  18.419     5.259    0.000  35.138
Tav_Jan_Mean     412   2.877     0.370    0.000  3.475 
Tav_Feb_Mean     412   2.739     0.345    0.000  3.445 
Tav_Mar_Mean     412   2.060     0.287    0.000  2.713 
Tav_Apr_Mean     412   2.030     0.238    0.000  2.509 
Tav_May_Mean     412   2.031     0.341    0.000  2.737 
Tav_Jun_Mean     412   2.843     0.460    0.000  3.616 
Tav_Jul_Mean     412   2.950     0.587    0.000  3.980 
Tav_Aug_Mean     412   2.881     0.405    0.000  3.513 
Tav_Sep_Mean     412   2.131     0.260    0.000  2.560 
Tav_Oct_Mean     412   2.108     0.251    0.000  2.457 
Tav_Nov_Mean     412   3.047     0.352    0.000  3.617 
Tav_Dec_Mean     412   2.771     0.323    0.000  3.252 
SMI_Aug_lag_Mean 412  -0.106     0.079   -0.259  0.148 
SMI_Sep_lag_Mean 412  -0.096     0.076   -0.236  0.149 
SMI_Oct_lag_Mean 412  -0.025     0.077   -0.171  0.207 
SMI_Nov_lag_Mean 412  -0.005     0.088   -0.179  0.260 
SMI_Dec_lag_Mean 412   0.044     0.075   -0.091  0.263 
Tav_Aug_lag_Mean 412   2.794     0.386    0.000  3.392 
Tav_Sep_lag_Mean 412   2.044     0.240    0.000  2.431 
Tav_Oct_lag_Mean 412   2.210     0.263    0.000  2.576 
Tav_Nov_lag_Mean 412   3.113     0.353    0.000  3.608 
Tav_Dec_lag_Mean 412   2.603     0.315    0.000  3.064 
Pre_Aug_lag_Mean 412  -9.681     6.035   -25.349 7.997 
Pre_Sep_lag_Mean 412  13.121     4.846    0.000  29.824
Pre_Oct_lag_Mean 412   7.570    10.387   -10.298 34.898
Pre_Nov_lag_Mean 412  15.205     7.203   -2.610  29.199
Pre_Dec_lag_Mean 412  18.372     5.486    0.000  36.591
year_Sd          412   0.000     0.000      0      0   
SMI_Jan_Sd       412  -0.009     0.024   -0.073  0.057 
SMI_Feb_Sd       412   0.006     0.032   -0.062  0.077 
SMI_Mar_Sd       412  -0.025     0.023   -0.078  0.064 
SMI_Apr_Sd       412   0.014     0.030   -0.055  0.094 
SMI_May_Sd       412   0.040     0.023   -0.040  0.109 
SMI_Jun_Sd       412   0.016     0.028   -0.054  0.083 
SMI_Jul_Sd       412   0.041     0.024   -0.043  0.108 
SMI_Aug_Sd       412   0.062     0.026   -0.005  0.130 
SMI_Sep_Sd       412   0.049     0.029   -0.014  0.112 
SMI_Oct_Sd       412   0.040     0.025   -0.039  0.091 
SMI_Nov_Sd       412   0.025     0.031   -0.050  0.100 
SMI_Dec_Sd       412   0.009     0.026   -0.069  0.084 
Pre_Jan_Sd       412   2.650     2.697   -3.790  10.048
Pre_Feb_Sd       412  -4.772     5.878   -17.574 10.684
Pre_Mar_Sd       412  -1.305     4.905   -12.835 13.510
Pre_Apr_Sd       412  17.118     5.730    0.000  34.077
Pre_May_Sd       412   4.629     5.780   -7.301  19.866
Pre_Jun_Sd       412   8.299     5.665   -4.245  27.314
Pre_Jul_Sd       412  13.167     7.071   -6.432  32.119
Pre_Aug_Sd       412   2.388     6.738   -15.290 19.237
Pre_Sep_Sd       412   7.730     5.708   -5.969  26.649
Pre_Oct_Sd       412   8.042     6.213   -4.200  22.156
Pre_Nov_Sd       412   7.635     5.096   -3.644  19.227
Pre_Dec_Sd       412   7.653     4.616   -1.096  20.359
Tav_Jan_Sd       412  -0.040     0.089   -0.199  0.180 
Tav_Feb_Sd       412  -0.722     0.118   -0.951  0.000 
Tav_Mar_Sd       412   0.170     0.196   -0.385  0.507 
Tav_Apr_Sd       412   0.134     0.067   -0.105  0.296 
Tav_May_Sd       412   0.498     0.126    0.000  0.686 
Tav_Jun_Sd       412   0.560     0.185    0.000  0.959 
Tav_Jul_Sd       412   0.537     0.175    0.000  0.841 
Tav_Aug_Sd       412  -0.072     0.075   -0.266  0.061 
Tav_Sep_Sd       412   0.336     0.139    0.000  0.631 
Tav_Oct_Sd       412  -0.054     0.113   -0.356  0.174 
Tav_Nov_Sd       412  -0.721     0.152   -0.998  0.000 
Tav_Dec_Sd       412  -0.345     0.275   -0.882  0.201 
SMI_Aug_lag_Sd   412   0.054     0.026   -0.015  0.120 
SMI_Sep_lag_Sd   412   0.045     0.030   -0.025  0.109 
SMI_Oct_lag_Sd   412   0.035     0.027   -0.060  0.084 
SMI_Nov_lag_Sd   412   0.018     0.030   -0.066  0.088 
SMI_Dec_lag_Sd   412   0.007     0.025   -0.066  0.076 
Tav_Aug_lag_Sd   412  -0.114     0.077   -0.290  0.040 
Tav_Sep_lag_Sd   412   0.334     0.136    0.000  0.627 
Tav_Oct_lag_Sd   412  -0.145     0.099   -0.407  0.043 
Tav_Nov_lag_Sd   412  -0.709     0.151   -0.980  0.000 
Tav_Dec_lag_Sd   412  -0.351     0.256   -0.837  0.195 
Pre_Aug_lag_Sd   412   0.980     6.358   -16.658 17.210
Pre_Sep_lag_Sd   412   8.777     5.743   -4.004  28.315
Pre_Oct_lag_Sd   412   5.685     6.780   -8.472  20.574
Pre_Nov_lag_Sd   412   8.562     6.287   -4.649  22.993
Pre_Dec_lag_Sd   412   7.907     4.403   -1.329  19.944
comId            412 8,407.973 3,791.133  1,001  16,077
-------------------------------------------------------
