
Descriptive statistics
============================================================
Statistic         N    Mean    St. Dev.     Min       Max   
------------------------------------------------------------
comId            412 8,407.973 3,791.133   1,001    16,077  
year_Mean        412 2,035.500   0.000   2,035.500 2,035.500
SMI_Jan_Mean     412   0.484     0.055     0.000     0.557  
SMI_Feb_Mean     412   0.493     0.054     0.000     0.538  
SMI_Mar_Mean     412   0.447     0.051     0.000     0.518  
SMI_Apr_Mean     412   0.452     0.051     0.000     0.514  
SMI_May_Mean     412   0.511     0.056     0.000     0.582  
SMI_Jun_Mean     412   0.503     0.053     0.000     0.559  
SMI_Jul_Mean     412   0.504     0.054     0.000     0.559  
SMI_Aug_Mean     412   0.468     0.049     0.000     0.526  
SMI_Sep_Mean     412   0.492     0.053     0.000     0.559  
SMI_Oct_Mean     412   0.483     0.052     0.000     0.539  
SMI_Nov_Mean     412   0.476     0.050     0.000     0.525  
SMI_Dec_Mean     412   0.488     0.052     0.000     0.535  
Pre_Jan_Mean     412  108.500   40.969     0.000    287.610 
Pre_Feb_Mean     412  96.001    31.272     0.000    243.856 
Pre_Mar_Mean     412  73.811    21.996     0.000    171.974 
Pre_Apr_Mean     412  83.612    21.575     0.000    170.901 
Pre_May_Mean     412  84.981    20.653     0.000    165.039 
Pre_Jun_Mean     412  93.369    21.510     0.000    189.188 
Pre_Jul_Mean     412  82.541    19.502     0.000    155.109 
Pre_Aug_Mean     412  90.328    22.363     0.000    187.792 
Pre_Sep_Mean     412  103.432   32.801     0.000    246.332 
Pre_Oct_Mean     412  106.574   37.192     0.000    264.401 
Pre_Nov_Mean     412  124.511   43.686     0.000    314.937 
Pre_Dec_Mean     412  124.745   45.757     0.000    334.183 
Tav_Jan_Mean     412   1.623     0.700    -0.572     3.400  
Tav_Feb_Mean     412   2.221     0.724    -0.0003    4.049  
Tav_Mar_Mean     412   5.160     0.923     0.000     7.035  
Tav_Apr_Mean     412   8.813     1.163     0.000    10.596  
Tav_May_Mean     412  13.142     1.502     0.000    14.969  
Tav_Jun_Mean     412  16.487     1.809     0.000    18.377  
Tav_Jul_Mean     412  18.780     2.069     0.000    21.256  
Tav_Aug_Mean     412  18.201     1.994     0.000    20.827  
Tav_Sep_Mean     412  14.829     1.626     0.000    16.723  
Tav_Oct_Mean     412  11.548     1.304     0.000    13.160  
Tav_Nov_Mean     412   6.590     0.924     0.000     8.821  
Tav_Dec_Mean     412   2.290     0.802    -0.008     5.038  
SMI_Aug_lag_Mean 412   0.459     0.049     0.000     0.512  
SMI_Sep_lag_Mean 412   0.484     0.055     0.000     0.556  
SMI_Oct_lag_Mean 412   0.477     0.052     0.000     0.534  
SMI_Nov_lag_Mean 412   0.465     0.050     0.000     0.512  
SMI_Dec_lag_Mean 412   0.477     0.051     0.000     0.518  
Tav_Aug_lag_Mean 412  18.208     2.002     0.000    20.911  
Tav_Sep_lag_Mean 412  14.728     1.617     0.000    16.623  
Tav_Oct_lag_Mean 412  11.448     1.293     0.000    13.071  
Tav_Nov_lag_Mean 412   6.419     0.916     0.000     8.720  
Tav_Dec_lag_Mean 412   2.176     0.802    -0.130     4.948  
Pre_Aug_lag_Mean 412  88.776    22.277     0.000    184.738 
Pre_Sep_lag_Mean 412  104.135   32.659     0.000    252.709 
Pre_Oct_lag_Mean 412  105.469   36.273     0.000    260.961 
Pre_Nov_lag_Mean 412  124.064   42.928     0.000    311.145 
Pre_Dec_lag_Mean 412  123.720   45.247     0.000    333.925 
year_Sd          412   8.803     0.000     8.803     8.803  
SMI_Jan_Sd       412   0.252     0.031     0.000     0.305  
SMI_Feb_Sd       412   0.250     0.032     0.000     0.297  
SMI_Mar_Sd       412   0.255     0.031     0.000     0.296  
SMI_Apr_Sd       412   0.261     0.037     0.000     0.316  
SMI_May_Sd       412   0.268     0.032     0.000     0.320  
SMI_Jun_Sd       412   0.284     0.036     0.000     0.333  
SMI_Jul_Sd       412   0.271     0.037     0.000     0.329  
SMI_Aug_Sd       412   0.248     0.033     0.000     0.301  
SMI_Sep_Sd       412   0.256     0.030     0.000     0.304  
SMI_Oct_Sd       412   0.266     0.032     0.000     0.313  
SMI_Nov_Sd       412   0.276     0.034     0.000     0.328  
SMI_Dec_Sd       412   0.268     0.033     0.000     0.316  
Pre_Jan_Sd       412  39.864    17.320     0.000    122.308 
Pre_Feb_Sd       412  39.814    18.537     0.000    142.183 
Pre_Mar_Sd       412  33.499    10.335     0.000    80.993  
Pre_Apr_Sd       412  35.402    11.001     0.000    83.692  
Pre_May_Sd       412  30.402     8.149     0.000    68.175  
Pre_Jun_Sd       412  35.357     9.774     0.000    82.577  
Pre_Jul_Sd       412  31.410     8.056     0.000    65.973  
Pre_Aug_Sd       412  37.500     9.796     0.000    98.609  
Pre_Sep_Sd       412  40.510    12.220     0.000    105.386 
Pre_Oct_Sd       412  45.286    14.935     0.000    133.552 
Pre_Nov_Sd       412  46.332    18.452     0.000    135.882 
Pre_Dec_Sd       412  42.084    19.007     0.000    134.107 
Tav_Jan_Sd       412   2.451     0.336     0.000     3.222  
Tav_Feb_Sd       412   2.445     0.304     0.000     2.961  
Tav_Mar_Sd       412   2.069     0.278     0.000     2.448  
Tav_Apr_Sd       412   1.878     0.276     0.000     2.395  
Tav_May_Sd       412   1.665     0.231     0.000     2.089  
Tav_Jun_Sd       412   1.568     0.289     0.000     2.047  
Tav_Jul_Sd       412   1.807     0.233     0.000     2.163  
Tav_Aug_Sd       412   1.925     0.329     0.000     2.580  
Tav_Sep_Sd       412   1.821     0.386     0.000     2.568  
Tav_Oct_Sd       412   1.961     0.285     0.000     2.385  
Tav_Nov_Sd       412   1.925     0.301     0.000     2.434  
Tav_Dec_Sd       412   2.047     0.245     0.000     2.396  
SMI_Aug_lag_Sd   412   0.243     0.034     0.000     0.292  
SMI_Sep_lag_Sd   412   0.252     0.031     0.000     0.303  
SMI_Oct_lag_Sd   412   0.267     0.033     0.000     0.314  
SMI_Nov_lag_Sd   412   0.273     0.035     0.000     0.327  
SMI_Dec_lag_Sd   412   0.267     0.033     0.000     0.317  
Tav_Aug_lag_Sd   412   1.916     0.311     0.000     2.493  
Tav_Sep_lag_Sd   412   1.771     0.384     0.000     2.535  
Tav_Oct_lag_Sd   412   1.983     0.293     0.000     2.431  
Tav_Nov_lag_Sd   412   1.956     0.296     0.000     2.455  
Tav_Dec_lag_Sd   412   2.118     0.258     0.000     2.517  
Pre_Aug_lag_Sd   412  35.835     9.665     0.000    91.187  
Pre_Sep_lag_Sd   412  40.440    12.209     0.000    105.449 
Pre_Oct_lag_Sd   412  45.497    15.137     0.000    134.208 
Pre_Nov_lag_Sd   412  46.310    18.459     0.000    135.824 
Pre_Dec_lag_Sd   412  42.142    19.121     0.000    134.736 
------------------------------------------------------------
