
Descriptive statistics
=======================================================
Statistic         N    Mean    St. Dev.    Min    Max  
-------------------------------------------------------
SMI_Jan_Mean     412   0.074     0.027    0.000  0.126 
SMI_Feb_Mean     412   0.076     0.027   -0.005  0.136 
SMI_Mar_Mean     412   0.011     0.032   -0.078  0.108 
SMI_Apr_Mean     412  -0.025     0.021   -0.079  0.045 
SMI_May_Mean     412   0.002     0.029   -0.064  0.061 
SMI_Jun_Mean     412  -0.014     0.033   -0.087  0.057 
SMI_Jul_Mean     412  -0.011     0.029   -0.067  0.061 
SMI_Aug_Mean     412  -0.030     0.026   -0.098  0.062 
SMI_Sep_Mean     412   0.035     0.022   -0.043  0.107 
SMI_Oct_Mean     412   0.070     0.021    0.000  0.130 
SMI_Nov_Mean     412   0.018     0.026   -0.068  0.094 
SMI_Dec_Mean     412   0.056     0.023   -0.004  0.108 
Pre_Jan_Mean     412   8.639     5.997   -7.116  24.334
Pre_Feb_Mean     412   1.637     4.262   -9.203  10.123
Pre_Mar_Mean     412  -1.854     3.905   -15.103 4.670 
Pre_Apr_Mean     412   3.094     2.189   -1.866  13.327
Pre_May_Mean     412   2.277     3.076   -5.826  14.254
Pre_Jun_Mean     412  -1.957     5.512   -13.177 8.072 
Pre_Jul_Mean     412  -1.935     2.341   -10.848 8.157 
Pre_Aug_Mean     412  -0.339     4.956   -15.414 10.467
Pre_Sep_Mean     412  18.506     4.421    0.000  34.541
Pre_Oct_Mean     412  -0.367     4.438   -14.384 15.385
Pre_Nov_Mean     412   0.223     4.545   -9.605  16.681
Pre_Dec_Mean     412  12.909     6.671   -0.243  42.916
Tav_Jan_Mean     412   0.947     0.118    0.000  1.052 
Tav_Feb_Mean     412   1.577     0.213    0.000  1.887 
Tav_Mar_Mean     412   0.638     0.119    0.000  0.901 
Tav_Apr_Mean     412   0.778     0.094    0.000  1.085 
Tav_May_Mean     412   0.374     0.122    0.000  0.827 
Tav_Jun_Mean     412   0.598     0.071    0.000  0.850 
Tav_Jul_Mean     412   0.646     0.126    0.000  0.891 
Tav_Aug_Mean     412   1.007     0.133    0.000  1.218 
Tav_Sep_Mean     412   0.545     0.114    0.000  0.846 
Tav_Oct_Mean     412   0.908     0.145    0.000  1.177 
Tav_Nov_Mean     412   1.235     0.144    0.000  1.383 
Tav_Dec_Mean     412   0.174     0.082    0.000  0.401 
SMI_Aug_lag_Mean 412  -0.024     0.023   -0.095  0.061 
SMI_Sep_lag_Mean 412   0.031     0.022   -0.042  0.096 
SMI_Oct_lag_Mean 412   0.057     0.022   -0.003  0.127 
SMI_Nov_lag_Mean 412   0.012     0.026   -0.068  0.096 
SMI_Dec_lag_Mean 412   0.042     0.024   -0.018  0.107 
Tav_Aug_lag_Mean 412   0.956     0.141    0.000  1.208 
Tav_Sep_lag_Mean 412   0.470     0.100    0.000  0.736 
Tav_Oct_lag_Mean 412   0.966     0.154    0.000  1.268 
Tav_Nov_lag_Mean 412   1.138     0.135    0.000  1.259 
Tav_Dec_lag_Mean 412   0.086     0.092   -0.060  0.324 
Pre_Aug_lag_Mean 412  -0.739     4.924   -16.057 8.660 
Pre_Sep_lag_Mean 412  17.011     4.216    0.000  30.170
Pre_Oct_lag_Mean 412  -2.094     4.539   -16.685 14.297
Pre_Nov_lag_Mean 412   1.264     4.145   -6.878  17.073
Pre_Dec_lag_Mean 412  11.233     6.622   -1.439  40.463
year_Sd          412   0.000     0.000      0      0   
SMI_Jan_Sd       412  -0.008     0.011   -0.039  0.021 
SMI_Feb_Sd       412   0.011     0.017   -0.028  0.057 
SMI_Mar_Sd       412   0.002     0.014   -0.030  0.037 
SMI_Apr_Sd       412  -0.014     0.011   -0.048  0.015 
SMI_May_Sd       412  -0.015     0.011   -0.038  0.016 
SMI_Jun_Sd       412  0.0001     0.013   -0.035  0.036 
SMI_Jul_Sd       412   0.014     0.013   -0.025  0.050 
SMI_Aug_Sd       412   0.003     0.014   -0.030  0.040 
SMI_Sep_Sd       412   0.003     0.011   -0.027  0.035 
SMI_Oct_Sd       412  -0.002     0.011   -0.032  0.028 
SMI_Nov_Sd       412   0.002     0.012   -0.025  0.040 
SMI_Dec_Sd       412   0.001     0.009   -0.021  0.031 
Pre_Jan_Sd       412   4.851     3.312   -4.434  13.577
Pre_Feb_Sd       412   0.059     2.995   -8.329  13.018
Pre_Mar_Sd       412   1.956     2.593   -9.550  7.518 
Pre_Apr_Sd       412   1.237     2.071   -4.547  10.893
Pre_May_Sd       412   2.421     3.182   -10.677 11.027
Pre_Jun_Sd       412   3.736     3.849   -3.058  15.467
Pre_Jul_Sd       412   0.872     3.731   -9.488  9.633 
Pre_Aug_Sd       412   0.442     3.587   -12.416 7.720 
Pre_Sep_Sd       412   2.111     5.493   -9.547  19.854
Pre_Oct_Sd       412   2.456     3.871   -10.038 19.559
Pre_Nov_Sd       412   3.856     4.111   -5.571  19.870
Pre_Dec_Sd       412  -0.304     3.639   -8.273  17.847
Tav_Jan_Sd       412  -0.062     0.098   -0.239  0.159 
Tav_Feb_Sd       412   0.060     0.083   -0.144  0.191 
Tav_Mar_Sd       412   0.055     0.083   -0.199  0.241 
Tav_Apr_Sd       412  -0.358     0.089   -0.506  0.000 
Tav_May_Sd       412  -0.216     0.054   -0.302  0.000 
Tav_Jun_Sd       412   0.077     0.036    0.000  0.187 
Tav_Jul_Sd       412   0.018     0.050   -0.130  0.113 
Tav_Aug_Sd       412  -0.003     0.037   -0.082  0.086 
Tav_Sep_Sd       412   0.005     0.057   -0.125  0.185 
Tav_Oct_Sd       412   0.064     0.088   -0.117  0.247 
Tav_Nov_Sd       412  -0.206     0.092   -0.414  0.019 
Tav_Dec_Sd       412  -0.156     0.134   -0.411  0.123 
SMI_Aug_lag_Sd   412   0.002     0.012   -0.027  0.034 
SMI_Sep_lag_Sd   412   0.007     0.009   -0.020  0.032 
SMI_Oct_lag_Sd   412   0.001     0.011   -0.027  0.031 
SMI_Nov_lag_Sd   412   0.005     0.012   -0.027  0.041 
SMI_Dec_lag_Sd   412   0.004     0.009   -0.022  0.031 
Tav_Aug_lag_Sd   412  -0.016     0.033   -0.104  0.062 
Tav_Sep_lag_Sd   412   0.010     0.056   -0.115  0.166 
Tav_Oct_lag_Sd   412  -0.020     0.081   -0.168  0.218 
Tav_Nov_lag_Sd   412  -0.184     0.068   -0.324  0.006 
Tav_Dec_lag_Sd   412  -0.117     0.144   -0.380  0.173 
Pre_Aug_lag_Sd   412  -0.142     3.469   -11.838 6.734 
Pre_Sep_lag_Sd   412   3.258     5.520   -7.902  21.682
Pre_Oct_lag_Sd   412   3.222     3.663   -7.930  20.403
Pre_Nov_lag_Sd   412   4.428     3.960   -4.061  20.311
Pre_Dec_lag_Sd   412  -0.540     3.653   -9.186  17.047
comId            412 8,407.973 3,791.133  1,001  16,077
-------------------------------------------------------
