
Descriptive statistics
============================================================
Statistic         N    Mean    St. Dev.     Min       Max   
------------------------------------------------------------
comId            412 8,407.973 3,791.133   1,001    16,077  
year_Mean        412 2,084.500   0.000   2,084.500 2,084.500
SMI_Jan_Mean     412   0.661     0.076     0.000     0.771  
SMI_Feb_Mean     412   0.609     0.088     0.000     0.745  
SMI_Mar_Mean     412   0.589     0.077     0.000     0.732  
SMI_Apr_Mean     412   0.587     0.067     0.000     0.710  
SMI_May_Mean     412   0.571     0.066     0.000     0.680  
SMI_Jun_Mean     412   0.555     0.066     0.000     0.672  
SMI_Jul_Mean     412   0.549     0.065     0.000     0.660  
SMI_Aug_Mean     412   0.555     0.067     0.000     0.675  
SMI_Sep_Mean     412   0.547     0.070     0.000     0.663  
SMI_Oct_Mean     412   0.568     0.074     0.000     0.691  
SMI_Nov_Mean     412   0.583     0.071     0.000     0.697  
SMI_Dec_Mean     412   0.604     0.075     0.000     0.717  
Pre_Jan_Mean     412  123.810   44.495     0.000    319.450 
Pre_Feb_Mean     412  100.638   34.402     0.000    257.285 
Pre_Mar_Mean     412  89.468    25.580     0.000    199.819 
Pre_Apr_Mean     412  97.122    27.166     0.000    207.481 
Pre_May_Mean     412  92.637    23.708     0.000    191.281 
Pre_Jun_Mean     412  87.557    18.614     0.000    180.045 
Pre_Jul_Mean     412  92.780    21.074     0.000    174.502 
Pre_Aug_Mean     412  94.449    20.598     0.000    195.336 
Pre_Sep_Mean     412  110.241   29.995     0.000    242.621 
Pre_Oct_Mean     412  117.933   37.618     0.000    279.690 
Pre_Nov_Mean     412  135.321   48.039     0.000    345.273 
Pre_Dec_Mean     412  136.064   49.441     0.000    346.211 
Tav_Jan_Mean     412   3.690     0.761     0.000     5.451  
Tav_Feb_Mean     412   3.642     0.753     0.000     5.355  
Tav_Mar_Mean     412   6.119     0.908     0.000     7.787  
Tav_Apr_Mean     412   9.779     1.218     0.000    11.501  
Tav_May_Mean     412  14.295     1.622     0.000    16.106  
Tav_Jun_Mean     412  17.212     1.901     0.000    19.326  
Tav_Jul_Mean     412  19.691     2.184     0.000    22.454  
Tav_Aug_Mean     412  19.215     2.097     0.000    22.015  
Tav_Sep_Mean     412  15.920     1.726     0.000    18.011  
Tav_Oct_Mean     412  12.586     1.402     0.000    14.213  
Tav_Nov_Mean     412   8.299     1.024     0.000    10.253  
Tav_Dec_Mean     412   5.323     0.882     0.000     7.505  
SMI_Aug_lag_Mean 412   0.574     0.070     0.000     0.695  
SMI_Sep_lag_Mean 412   0.570     0.071     0.000     0.685  
SMI_Oct_lag_Mean 412   0.588     0.075     0.000     0.710  
SMI_Nov_lag_Mean 412   0.594     0.073     0.000     0.704  
SMI_Dec_lag_Mean 412   0.611     0.076     0.000     0.733  
Tav_Aug_lag_Mean 412  19.091     2.082     0.000    21.833  
Tav_Sep_lag_Mean 412  15.780     1.707     0.000    17.779  
Tav_Oct_lag_Mean 412  12.623     1.405     0.000    14.243  
Tav_Nov_lag_Mean 412   8.309     1.026     0.000    10.298  
Tav_Dec_lag_Mean 412   5.178     0.879     0.000     7.434  
Pre_Aug_lag_Mean 412  95.274    21.259     0.000    197.021 
Pre_Sep_lag_Mean 412  112.001   30.593     0.000    250.609 
Pre_Oct_lag_Mean 412  116.533   37.331     0.000    271.988 
Pre_Nov_lag_Mean 412  133.084   46.747     0.000    346.890 
Pre_Dec_lag_Mean 412  136.812   49.692     0.000    350.105 
year_Sd          412   8.803     0.000     8.803     8.803  
SMI_Jan_Sd       412   0.213     0.034     0.000     0.275  
SMI_Feb_Sd       412   0.237     0.039     0.000     0.311  
SMI_Mar_Sd       412   0.247     0.034     0.000     0.315  
SMI_Apr_Sd       412   0.269     0.031     0.000     0.321  
SMI_May_Sd       412   0.248     0.030     0.000     0.302  
SMI_Jun_Sd       412   0.261     0.033     0.000     0.313  
SMI_Jul_Sd       412   0.262     0.035     0.000     0.333  
SMI_Aug_Sd       412   0.266     0.036     0.000     0.320  
SMI_Sep_Sd       412   0.269     0.034     0.000     0.320  
SMI_Oct_Sd       412   0.261     0.033     0.000     0.310  
SMI_Nov_Sd       412   0.241     0.033     0.000     0.291  
SMI_Dec_Sd       412   0.234     0.035     0.000     0.282  
Pre_Jan_Sd       412  41.868    18.649     0.000    130.449 
Pre_Feb_Sd       412  40.579    17.608     0.000    129.040 
Pre_Mar_Sd       412  37.239    10.305     0.000    91.979  
Pre_Apr_Sd       412  36.384    11.572     0.000    85.886  
Pre_May_Sd       412  30.937     7.983     0.000    72.084  
Pre_Jun_Sd       412  33.808     7.638     0.000    77.108  
Pre_Jul_Sd       412  32.277     8.604     0.000    76.185  
Pre_Aug_Sd       412  34.832     9.499     0.000    75.726  
Pre_Sep_Sd       412  50.470    15.271     0.000    108.157 
Pre_Oct_Sd       412  45.879    17.262     0.000    134.242 
Pre_Nov_Sd       412  47.709    18.783     0.000    133.175 
Pre_Dec_Sd       412  46.020    17.613     0.000    140.149 
Tav_Jan_Sd       412   1.727     0.223     0.000     2.086  
Tav_Feb_Sd       412   2.138     0.329     0.000     2.869  
Tav_Mar_Sd       412   1.808     0.315     0.000     2.558  
Tav_Apr_Sd       412   1.514     0.269     0.000     2.145  
Tav_May_Sd       412   1.825     0.246     0.000     2.058  
Tav_Jun_Sd       412   1.588     0.282     0.000     2.120  
Tav_Jul_Sd       412   1.715     0.298     0.000     2.257  
Tav_Aug_Sd       412   1.537     0.250     0.000     2.138  
Tav_Sep_Sd       412   1.721     0.263     0.000     2.265  
Tav_Oct_Sd       412   1.422     0.259     0.000     1.957  
Tav_Nov_Sd       412   1.753     0.263     0.000     2.142  
Tav_Dec_Sd       412   1.614     0.288     0.000     2.125  
SMI_Aug_lag_Sd   412   0.254     0.033     0.000     0.303  
SMI_Sep_lag_Sd   412   0.256     0.033     0.000     0.303  
SMI_Oct_lag_Sd   412   0.253     0.034     0.000     0.309  
SMI_Nov_lag_Sd   412   0.241     0.034     0.000     0.296  
SMI_Dec_lag_Sd   412   0.234     0.035     0.000     0.289  
Tav_Aug_lag_Sd   412   1.416     0.222     0.000     1.930  
Tav_Sep_lag_Sd   412   1.667     0.242     0.000     2.155  
Tav_Oct_lag_Sd   412   1.393     0.256     0.000     1.915  
Tav_Nov_lag_Sd   412   1.754     0.256     0.000     2.123  
Tav_Dec_lag_Sd   412   1.682     0.283     0.000     2.167  
Pre_Aug_lag_Sd   412  33.695     8.901     0.000    73.590  
Pre_Sep_lag_Sd   412  50.432    15.508     0.000    111.392 
Pre_Oct_lag_Sd   412  44.031    15.981     0.000    124.006 
Pre_Nov_lag_Sd   412  44.201    16.807     0.000    131.454 
Pre_Dec_lag_Sd   412  46.084    17.585     0.000    139.707 
------------------------------------------------------------
