
Descriptive statistics
=======================================================
Statistic         N    Mean    St. Dev.    Min    Max  
-------------------------------------------------------
SMI_Jan_Mean     412   0.098     0.039    0.000  0.219 
SMI_Feb_Mean     412   0.092     0.042   -0.046  0.212 
SMI_Mar_Mean     412   0.024     0.041   -0.084  0.168 
SMI_Apr_Mean     412  -0.002     0.039   -0.093  0.102 
SMI_May_Mean     412   0.026     0.069   -0.109  0.161 
SMI_Jun_Mean     412   0.026     0.065   -0.131  0.153 
SMI_Jul_Mean     412   0.008     0.048   -0.113  0.129 
SMI_Aug_Mean     412  -0.016     0.047   -0.156  0.104 
SMI_Sep_Mean     412   0.062     0.038   -0.089  0.159 
SMI_Oct_Mean     412   0.107     0.034   -0.002  0.203 
SMI_Nov_Mean     412   0.030     0.045   -0.096  0.154 
SMI_Dec_Mean     412   0.076     0.038   -0.034  0.176 
Pre_Jan_Mean     412  11.758     4.800    0.000  25.066
Pre_Feb_Mean     412   3.552     4.492   -9.090  12.101
Pre_Mar_Mean     412  -1.460     3.367   -13.533 7.082 
Pre_Apr_Mean     412   5.179     4.600   -5.773  14.822
Pre_May_Mean     412   6.333     7.298   -13.917 22.144
Pre_Jun_Mean     412  -1.102     6.898   -18.913 14.024
Pre_Jul_Mean     412  -2.594     6.272   -26.083 12.429
Pre_Aug_Mean     412   1.436     5.738   -16.282 14.714
Pre_Sep_Mean     412  22.146     5.979    0.000  42.456
Pre_Oct_Mean     412   0.371     5.875   -19.954 14.201
Pre_Nov_Mean     412  -2.361     4.057   -21.944 12.086
Pre_Dec_Mean     412  11.483     8.118   -3.492  39.160
Tav_Jan_Mean     412   0.991     0.126    0.000  1.138 
Tav_Feb_Mean     412   1.560     0.229    0.000  1.985 
Tav_Mar_Mean     412   0.511     0.120    0.000  0.843 
Tav_Apr_Mean     412   0.661     0.151    0.000  1.066 
Tav_May_Mean     412   0.401     0.101    0.000  0.887 
Tav_Jun_Mean     412   0.471     0.085    0.000  0.912 
Tav_Jul_Mean     412   0.782     0.166    0.000  1.105 
Tav_Aug_Mean     412   0.973     0.183    0.000  1.366 
Tav_Sep_Mean     412   0.613     0.136    0.000  0.942 
Tav_Oct_Mean     412   0.869     0.159    0.000  1.174 
Tav_Nov_Mean     412   1.236     0.153    0.000  1.429 
Tav_Dec_Mean     412   0.265     0.100    0.000  0.542 
SMI_Aug_lag_Mean 412  -0.011     0.045   -0.148  0.107 
SMI_Sep_lag_Mean 412   0.057     0.037   -0.084  0.148 
SMI_Oct_lag_Mean 412   0.088     0.035   -0.016  0.188 
SMI_Nov_lag_Mean 412   0.022     0.045   -0.103  0.146 
SMI_Dec_lag_Mean 412   0.060     0.038   -0.043  0.167 
Tav_Aug_lag_Mean 412   0.918     0.181    0.000  1.328 
Tav_Sep_lag_Mean 412   0.534     0.129    0.000  0.848 
Tav_Oct_lag_Mean 412   0.927     0.177    0.000  1.236 
Tav_Nov_lag_Mean 412   1.185     0.145    0.000  1.384 
Tav_Dec_lag_Mean 412   0.159     0.110   -0.096  0.446 
Pre_Aug_lag_Mean 412   1.046     5.465   -16.789 13.217
Pre_Sep_lag_Mean 412  19.951     6.458    0.000  37.438
Pre_Oct_lag_Mean 412  -1.704     6.194   -24.340 12.242
Pre_Nov_lag_Mean 412  -1.416     4.006   -18.954 12.881
Pre_Dec_lag_Mean 412  10.583     7.996   -3.678  36.100
year_Sd          412   0.000     0.000      0      0   
SMI_Jan_Sd       412   0.021     0.014   -0.018  0.060 
SMI_Feb_Sd       412   0.049     0.027   -0.018  0.113 
SMI_Mar_Sd       412   0.021     0.021   -0.032  0.075 
SMI_Apr_Sd       412  -0.004     0.019   -0.060  0.041 
SMI_May_Sd       412  -0.034     0.021   -0.084  0.034 
SMI_Jun_Sd       412   0.011     0.025   -0.046  0.080 
SMI_Jul_Sd       412   0.036     0.025   -0.013  0.105 
SMI_Aug_Sd       412   0.019     0.019   -0.045  0.082 
SMI_Sep_Sd       412   0.028     0.024   -0.028  0.101 
SMI_Oct_Sd       412   0.002     0.022   -0.058  0.064 
SMI_Nov_Sd       412   0.018     0.016   -0.027  0.066 
SMI_Dec_Sd       412   0.024     0.016   -0.008  0.064 
Pre_Jan_Sd       412   4.763     3.528   -3.575  13.591
Pre_Feb_Sd       412  -0.253     4.643   -15.311 10.209
Pre_Mar_Sd       412  -0.471     2.686   -6.748  7.232 
Pre_Apr_Sd       412   2.318     3.360   -11.900 10.943
Pre_May_Sd       412   0.241     6.144   -20.834 12.849
Pre_Jun_Sd       412   6.953     6.055   -8.697  24.009
Pre_Jul_Sd       412   1.939     4.309   -10.457 14.987
Pre_Aug_Sd       412   0.874     4.668   -10.346 12.219
Pre_Sep_Sd       412   3.864     5.223   -6.584  18.767
Pre_Oct_Sd       412   1.119     5.213   -10.493 14.633
Pre_Nov_Sd       412   0.266     3.726   -11.054 9.633 
Pre_Dec_Sd       412   2.308     5.427   -9.096  18.534
Tav_Jan_Sd       412   0.051     0.103   -0.148  0.334 
Tav_Feb_Sd       412  -0.003     0.135   -0.426  0.272 
Tav_Mar_Sd       412   0.222     0.098   -0.104  0.363 
Tav_Apr_Sd       412  -0.432     0.093   -0.615  0.000 
Tav_May_Sd       412  -0.138     0.079   -0.266  0.031 
Tav_Jun_Sd       412   0.207     0.060    0.000  0.399 
Tav_Jul_Sd       412   0.007     0.105   -0.176  0.213 
Tav_Aug_Sd       412  -0.282     0.120   -0.497  0.020 
Tav_Sep_Sd       412   0.031     0.083   -0.193  0.231 
Tav_Oct_Sd       412  -0.122     0.082   -0.318  0.075 
Tav_Nov_Sd       412  -0.118     0.079   -0.320  0.057 
Tav_Dec_Sd       412  -0.125     0.207   -0.495  0.456 
SMI_Aug_lag_Sd   412   0.014     0.022   -0.044  0.089 
SMI_Sep_lag_Sd   412   0.029     0.025   -0.030  0.096 
SMI_Oct_lag_Sd   412   0.009     0.021   -0.053  0.076 
SMI_Nov_lag_Sd   412   0.025     0.013   -0.022  0.072 
SMI_Dec_lag_Sd   412   0.034     0.016   -0.004  0.071 
Tav_Aug_lag_Sd   412  -0.317     0.104   -0.524  0.000 
Tav_Sep_lag_Sd   412   0.018     0.083   -0.212  0.199 
Tav_Oct_lag_Sd   412  -0.196     0.089   -0.339  0.049 
Tav_Nov_lag_Sd   412  -0.142     0.071   -0.353  0.006 
Tav_Dec_lag_Sd   412  -0.086     0.218   -0.462  0.524 
Pre_Aug_lag_Sd   412   0.399     4.530   -11.215 11.364
Pre_Sep_lag_Sd   412   5.920     4.957   -5.298  18.699
Pre_Oct_lag_Sd   412   2.891     5.032   -7.298  16.146
Pre_Nov_lag_Sd   412   0.744     3.575   -8.048  9.999 
Pre_Dec_lag_Sd   412   2.039     5.130   -8.528  17.422
comId            412 8,407.973 3,791.133  1,001  16,077
-------------------------------------------------------
