
Descriptive statistics
=======================================================
Statistic         N    Mean    St. Dev.    Min    Max  
-------------------------------------------------------
SMI_Jan_Mean     412   0.023     0.062   -0.108  0.230 
SMI_Feb_Mean     412   0.017     0.060   -0.112  0.229 
SMI_Mar_Mean     412  -0.042     0.057   -0.176  0.147 
SMI_Apr_Mean     412   0.007     0.039   -0.115  0.117 
SMI_May_Mean     412  -0.011     0.027   -0.098  0.070 
SMI_Jun_Mean     412  -0.098     0.043   -0.214  0.033 
SMI_Jul_Mean     412  -0.193     0.058   -0.322  0.011 
SMI_Aug_Mean     412  -0.228     0.076   -0.377  0.112 
SMI_Sep_Mean     412  -0.200     0.063   -0.308  0.054 
SMI_Oct_Mean     412  -0.106     0.055   -0.225  0.108 
SMI_Nov_Mean     412  -0.106     0.064   -0.246  0.120 
SMI_Dec_Mean     412  -0.035     0.066   -0.173  0.191 
Pre_Jan_Mean     412  18.712     9.355    0.000  59.113
Pre_Feb_Mean     412   0.267     3.983   -12.283 14.574
Pre_Mar_Mean     412   7.986     3.119    0.000  16.331
Pre_Apr_Mean     412  14.618     6.548    0.000  53.263
Pre_May_Mean     412  -4.404     6.840   -19.884 15.737
Pre_Jun_Mean     412  -14.402    7.805   -38.611 5.005 
Pre_Jul_Mean     412  -16.388   11.160   -52.538 24.244
Pre_Aug_Mean     412  -20.101    9.867   -58.260 3.329 
Pre_Sep_Mean     412  14.103     6.688   -3.060  31.006
Pre_Oct_Mean     412   2.373     6.763   -27.016 23.498
Pre_Nov_Mean     412  17.905     7.607   -4.238  58.774
Pre_Dec_Mean     412  17.362     6.616    0.000  51.505
Tav_Jan_Mean     412   3.147     0.378    0.000  3.732 
Tav_Feb_Mean     412   2.973     0.402    0.000  3.698 
Tav_Mar_Mean     412   2.127     0.334    0.000  2.871 
Tav_Apr_Mean     412   1.655     0.265    0.000  2.550 
Tav_May_Mean     412   1.811     0.312    0.000  2.593 
Tav_Jun_Mean     412   2.376     0.387    0.000  3.094 
Tav_Jul_Mean     412   2.617     0.564    0.000  3.675 
Tav_Aug_Mean     412   3.070     0.512    0.000  3.983 
Tav_Sep_Mean     412   2.343     0.306    0.000  2.792 
Tav_Oct_Mean     412   2.425     0.259    0.000  2.701 
Tav_Nov_Mean     412   3.130     0.391    0.000  3.773 
Tav_Dec_Mean     412   2.959     0.359    0.000  3.550 
SMI_Aug_lag_Mean 412  -0.221     0.081   -0.377  0.137 
SMI_Sep_lag_Mean 412  -0.203     0.066   -0.324  0.077 
SMI_Oct_lag_Mean 412  -0.111     0.056   -0.227  0.122 
SMI_Nov_lag_Mean 412  -0.108     0.063   -0.238  0.131 
SMI_Dec_lag_Mean 412  -0.043     0.064   -0.179  0.193 
Tav_Aug_lag_Mean 412   2.992     0.489    0.000  3.885 
Tav_Sep_lag_Mean 412   2.312     0.284    0.000  2.681 
Tav_Oct_lag_Mean 412   2.545     0.276    0.000  2.863 
Tav_Nov_lag_Mean 412   3.215     0.402    0.000  3.873 
Tav_Dec_lag_Mean 412   2.821     0.352    0.000  3.413 
Pre_Aug_lag_Mean 412  -20.137    9.907   -58.056 6.851 
Pre_Sep_lag_Mean 412  12.484     6.823   -5.954  30.660
Pre_Oct_lag_Mean 412   0.372     5.718   -22.408 13.203
Pre_Nov_lag_Mean 412  17.910     7.178   -1.827  55.851
Pre_Dec_lag_Mean 412  16.618     6.641    0.000  49.271
year_Sd          412   0.000     0.000      0      0   
SMI_Jan_Sd       412   0.007     0.023   -0.053  0.076 
SMI_Feb_Sd       412   0.030     0.028   -0.041  0.098 
SMI_Mar_Sd       412   0.016     0.025   -0.064  0.091 
SMI_Apr_Sd       412   0.023     0.016   -0.039  0.066 
SMI_May_Sd       412   0.047     0.018   -0.001  0.081 
SMI_Jun_Sd       412   0.034     0.026   -0.044  0.101 
SMI_Jul_Sd       412   0.017     0.024   -0.062  0.092 
SMI_Aug_Sd       412   0.040     0.030   -0.065  0.114 
SMI_Sep_Sd       412   0.031     0.029   -0.057  0.099 
SMI_Oct_Sd       412   0.008     0.022   -0.059  0.055 
SMI_Nov_Sd       412   0.006     0.020   -0.060  0.058 
SMI_Dec_Sd       412  -0.002     0.022   -0.065  0.065 
Pre_Jan_Sd       412   4.618     3.629   -3.142  15.641
Pre_Feb_Sd       412  -2.178     5.675   -21.943 6.675 
Pre_Mar_Sd       412   0.165     4.167   -11.006 18.776
Pre_Apr_Sd       412  13.269     6.178    0.000  47.117
Pre_May_Sd       412   7.254     4.274   -3.166  20.395
Pre_Jun_Sd       412   2.790     6.813   -12.919 28.191
Pre_Jul_Sd       412   0.471     7.684   -20.279 22.014
Pre_Aug_Sd       412   3.387     8.227   -19.704 22.421
Pre_Sep_Sd       412   6.871     7.828   -14.529 33.470
Pre_Oct_Sd       412  11.271     5.022    0.000  37.939
Pre_Nov_Sd       412   6.105     5.677   -3.994  30.494
Pre_Dec_Sd       412   9.054     7.138   -5.071  41.666
Tav_Jan_Sd       412  -0.275     0.145   -0.641  0.055 
Tav_Feb_Sd       412  -0.568     0.137   -0.842  0.000 
Tav_Mar_Sd       412  -0.187     0.197   -0.586  0.502 
Tav_Apr_Sd       412   0.118     0.178   -0.242  0.512 
Tav_May_Sd       412   0.389     0.186   -0.062  0.711 
Tav_Jun_Sd       412   0.133     0.131   -0.126  0.386 
Tav_Jul_Sd       412   0.014     0.220   -0.317  0.474 
Tav_Aug_Sd       412  -0.027     0.123   -0.225  0.267 
Tav_Sep_Sd       412   0.482     0.115    0.000  0.713 
Tav_Oct_Sd       412  -0.055     0.083   -0.268  0.109 
Tav_Nov_Sd       412  -0.492     0.126   -0.853  0.000 
Tav_Dec_Sd       412  -0.757     0.207   -1.241  0.000 
SMI_Aug_lag_Sd   412   0.035     0.030   -0.056  0.113 
SMI_Sep_lag_Sd   412   0.031     0.028   -0.044  0.103 
SMI_Oct_lag_Sd   412   0.004     0.022   -0.061  0.054 
SMI_Nov_lag_Sd   412   0.007     0.021   -0.062  0.064 
SMI_Dec_lag_Sd   412  0.0002     0.023   -0.062  0.064 
Tav_Aug_lag_Sd   412  -0.127     0.082   -0.325  0.092 
Tav_Sep_lag_Sd   412   0.487     0.115    0.000  0.723 
Tav_Oct_lag_Sd   412  -0.179     0.096   -0.398  0.023 
Tav_Nov_lag_Sd   412  -0.509     0.115   -0.838  0.000 
Tav_Dec_lag_Sd   412  -0.773     0.206   -1.235  0.000 
Pre_Aug_lag_Sd   412   2.472     8.164   -19.870 22.481
Pre_Sep_lag_Sd   412   8.002     7.634   -13.496 36.572
Pre_Oct_lag_Sd   412  10.159     4.211    0.000  26.661
Pre_Nov_lag_Sd   412   5.462     6.964   -8.251  38.842
Pre_Dec_lag_Sd   412   8.871     7.098   -5.175  40.165
comId            412 8,407.973 3,791.133  1,001  16,077
-------------------------------------------------------
