
Descriptive statistics
============================================================
Statistic         N    Mean    St. Dev.     Min       Max   
------------------------------------------------------------
comId            412 8,407.973 3,791.133   1,001    16,077  
year_Mean        412 1,985.500   0.000   1,985.500 1,985.500
SMI_Jan_Mean     412   0.436     0.052     0.000     0.498  
SMI_Feb_Mean     412   0.439     0.054     0.000     0.544  
SMI_Mar_Mean     412   0.460     0.057     0.000     0.533  
SMI_Apr_Mean     412   0.440     0.051     0.000     0.508  
SMI_May_Mean     412   0.448     0.058     0.000     0.531  
SMI_Jun_Mean     412   0.469     0.061     0.000     0.565  
SMI_Jul_Mean     412   0.535     0.064     0.000     0.638  
SMI_Aug_Mean     412   0.537     0.066     0.000     0.638  
SMI_Sep_Mean     412   0.503     0.064     0.000     0.607  
SMI_Oct_Mean     412   0.468     0.058     0.000     0.540  
SMI_Nov_Mean     412   0.497     0.064     0.000     0.601  
SMI_Dec_Mean     412   0.462     0.057     0.000     0.538  
Pre_Jan_Mean     412  84.261    17.344     0.000    176.825 
Pre_Feb_Mean     412  79.677    18.209     0.000    172.121 
Pre_Mar_Mean     412  69.982    17.984     0.000    174.430 
Pre_Apr_Mean     412  71.404    17.813     0.000    188.066 
Pre_May_Mean     412  86.712    18.892     0.000    201.846 
Pre_Jun_Mean     412  99.286    18.819     0.000    195.156 
Pre_Jul_Mean     412  104.652   19.756     0.000    205.205 
Pre_Aug_Mean     412  99.364    18.490     0.000    196.243 
Pre_Sep_Mean     412  83.657    14.863     0.000    162.610 
Pre_Oct_Mean     412  94.599    18.641     0.000    184.915 
Pre_Nov_Mean     412  99.545    20.637     0.000    214.468 
Pre_Dec_Mean     412  90.892    17.790     0.000    174.561 
Tav_Jan_Mean     412   1.406     0.801    -0.769     3.141  
Tav_Feb_Mean     412   1.911     0.815    -0.337     3.654  
Tav_Mar_Mean     412   4.798     0.833     0.000     6.252  
Tav_Apr_Mean     412   8.482     1.060     0.000     9.785  
Tav_May_Mean     412  12.420     1.399     0.000    13.675  
Tav_Jun_Mean     412  14.646     1.572     0.000    16.141  
Tav_Jul_Mean     412  15.808     1.660     0.000    17.294  
Tav_Aug_Mean     412  15.248     1.600     0.000    16.583  
Tav_Sep_Mean     412  12.918     1.386     0.000    14.123  
Tav_Oct_Mean     412   9.460     1.098     0.000    11.015  
Tav_Nov_Mean     412   5.118     0.806     0.000     7.102  
Tav_Dec_Mean     412   2.840     0.833     0.000     4.994  
SMI_Aug_lag_Mean 412   0.545     0.067     0.000     0.645  
SMI_Sep_lag_Mean 412   0.520     0.064     0.000     0.612  
SMI_Oct_lag_Mean 412   0.482     0.059     0.000     0.549  
SMI_Nov_lag_Mean 412   0.497     0.062     0.000     0.585  
SMI_Dec_lag_Mean 412   0.466     0.057     0.000     0.540  
Tav_Aug_lag_Mean 412  15.233     1.598     0.000    16.578  
Tav_Sep_lag_Mean 412  12.935     1.387     0.000    14.107  
Tav_Oct_lag_Mean 412   9.367     1.091     0.000    10.911  
Tav_Nov_lag_Mean 412   4.985     0.799     0.000     6.998  
Tav_Dec_lag_Mean 412   2.908     0.850     0.000     5.067  
Pre_Aug_lag_Mean 412  100.512   18.753     0.000    199.092 
Pre_Sep_lag_Mean 412  85.540    15.199     0.000    166.531 
Pre_Oct_lag_Mean 412  93.270    18.327     0.000    181.233 
Pre_Nov_lag_Mean 412  96.991    20.013     0.000    207.435 
Pre_Dec_lag_Mean 412  91.836    17.932     0.000    175.996 
year_Sd          412   8.803     0.000     8.803     8.803  
SMI_Jan_Sd       412   0.245     0.028     0.000     0.288  
SMI_Feb_Sd       412   0.226     0.028     0.000     0.291  
SMI_Mar_Sd       412   0.262     0.033     0.000     0.314  
SMI_Apr_Sd       412   0.258     0.028     0.000     0.289  
SMI_May_Sd       412   0.275     0.031     0.000     0.323  
SMI_Jun_Sd       412   0.262     0.031     0.000     0.308  
SMI_Jul_Sd       412   0.246     0.035     0.000     0.315  
SMI_Aug_Sd       412   0.251     0.032     0.000     0.295  
SMI_Sep_Sd       412   0.238     0.031     0.000     0.290  
SMI_Oct_Sd       412   0.262     0.030     0.000     0.299  
SMI_Nov_Sd       412   0.242     0.027     0.000     0.277  
SMI_Dec_Sd       412   0.244     0.029     0.000     0.296  
Pre_Jan_Sd       412  28.374     6.273     0.000    60.004  
Pre_Feb_Sd       412  33.817     9.644     0.000    79.885  
Pre_Mar_Sd       412  29.845     8.101     0.000    65.481  
Pre_Apr_Sd       412  27.046     5.864     0.000    56.380  
Pre_May_Sd       412  30.302     6.426     0.000    60.941  
Pre_Jun_Sd       412  25.749     5.830     0.000    55.247  
Pre_Jul_Sd       412  36.247     6.725     0.000    71.989  
Pre_Aug_Sd       412  29.576     6.601     0.000    59.349  
Pre_Sep_Sd       412  33.800     8.082     0.000    76.892  
Pre_Oct_Sd       412  34.652     8.292     0.000    74.694  
Pre_Nov_Sd       412  36.860     9.146     0.000    84.093  
Pre_Dec_Sd       412  32.719     7.329     0.000    72.399  
Tav_Jan_Sd       412   1.954     0.219     0.000     2.377  
Tav_Feb_Sd       412   2.118     0.246     0.000     2.515  
Tav_Mar_Sd       412   1.492     0.192     0.000     1.852  
Tav_Apr_Sd       412   1.445     0.167     0.000     1.669  
Tav_May_Sd       412   1.257     0.142     0.000     1.378  
Tav_Jun_Sd       412   1.057     0.150     0.000     1.236  
Tav_Jul_Sd       412   1.101     0.136     0.000     1.291  
Tav_Aug_Sd       412   1.178     0.148     0.000     1.366  
Tav_Sep_Sd       412   0.963     0.162     0.000     1.270  
Tav_Oct_Sd       412   1.411     0.194     0.000     1.698  
Tav_Nov_Sd       412   1.761     0.224     0.000     2.202  
Tav_Dec_Sd       412   1.913     0.245     0.000     2.237  
SMI_Aug_lag_Sd   412   0.251     0.033     0.000     0.296  
SMI_Sep_lag_Sd   412   0.233     0.031     0.000     0.285  
SMI_Oct_lag_Sd   412   0.260     0.030     0.000     0.302  
SMI_Nov_lag_Sd   412   0.243     0.028     0.000     0.280  
SMI_Dec_lag_Sd   412   0.243     0.029     0.000     0.297  
Tav_Aug_lag_Sd   412   1.194     0.148     0.000     1.371  
Tav_Sep_lag_Sd   412   0.958     0.161     0.000     1.260  
Tav_Oct_lag_Sd   412   1.504     0.183     0.000     1.743  
Tav_Nov_lag_Sd   412   1.839     0.219     0.000     2.252  
Tav_Dec_lag_Sd   412   1.894     0.236     0.000     2.198  
Pre_Aug_lag_Sd   412  30.359     6.757     0.000    62.244  
Pre_Sep_lag_Sd   412  32.269     7.823     0.000    73.844  
Pre_Oct_lag_Sd   412  34.671     8.322     0.000    75.345  
Pre_Nov_lag_Sd   412  36.823     8.484     0.000    79.141  
Pre_Dec_lag_Sd   412  32.965     7.272     0.000    73.378  
------------------------------------------------------------
