
Descriptive statistics
============================================================
Statistic         N    Mean    St. Dev.     Min       Max   
------------------------------------------------------------
comId            412 8,407.973 3,791.133   1,001    16,077  
year_Mean        412 2,084.500   0.000   2,084.500 2,084.500
SMI_Jan_Mean     412   0.502     0.055     0.000     0.581  
SMI_Feb_Mean     412   0.491     0.052     0.000     0.566  
SMI_Mar_Mean     412   0.504     0.052     0.000     0.562  
SMI_Apr_Mean     412   0.523     0.056     0.000     0.586  
SMI_May_Mean     412   0.500     0.053     0.000     0.554  
SMI_Jun_Mean     412   0.438     0.049     0.000     0.495  
SMI_Jul_Mean     412   0.395     0.050     0.000     0.493  
SMI_Aug_Mean     412   0.407     0.050     0.000     0.478  
SMI_Sep_Mean     412   0.374     0.046     0.000     0.444  
SMI_Oct_Mean     412   0.402     0.047     0.000     0.473  
SMI_Nov_Mean     412   0.426     0.050     0.000     0.506  
SMI_Dec_Mean     412   0.458     0.051     0.000     0.528  
Pre_Jan_Mean     412  118.457   27.870     0.000    222.430 
Pre_Feb_Mean     412  93.683    19.799     0.000    170.542 
Pre_Mar_Mean     412  89.227    18.739     0.000    150.144 
Pre_Apr_Mean     412  90.289    20.612     0.000    174.404 
Pre_May_Mean     412  93.533    17.927     0.000    157.611 
Pre_Jun_Mean     412  84.266    16.507     0.000    146.442 
Pre_Jul_Mean     412  97.145    16.999     0.000    148.659 
Pre_Aug_Mean     412  91.103    16.511     0.000    149.263 
Pre_Sep_Mean     412  90.171    17.862     0.000    151.010 
Pre_Oct_Mean     412  97.064    19.186     0.000    158.255 
Pre_Nov_Mean     412  123.240   24.863     0.000    202.728 
Pre_Dec_Mean     412  116.412   26.065     0.000    201.465 
Tav_Jan_Mean     412   3.797     0.850     0.000     5.594  
Tav_Feb_Mean     412   3.998     0.812     0.000     5.654  
Tav_Mar_Mean     412   5.311     0.821     0.000     6.720  
Tav_Apr_Mean     412   8.884     1.072     0.000    10.101  
Tav_May_Mean     412  13.263     1.421     0.000    14.578  
Tav_Jun_Mean     412  16.650     1.759     0.000    18.310  
Tav_Jul_Mean     412  18.112     1.902     0.000    19.801  
Tav_Aug_Mean     412  17.374     1.800     0.000    18.857  
Tav_Sep_Mean     412  14.492     1.529     0.000    15.738  
Tav_Oct_Mean     412  10.944     1.226     0.000    12.228  
Tav_Nov_Mean     412   7.361     0.972     0.000     8.862  
Tav_Dec_Mean     412   5.325     0.888     0.000     6.977  
SMI_Aug_lag_Mean 412   0.427     0.053     0.000     0.502  
SMI_Sep_lag_Mean 412   0.395     0.049     0.000     0.474  
SMI_Oct_lag_Mean 412   0.416     0.048     0.000     0.488  
SMI_Nov_lag_Mean 412   0.431     0.051     0.000     0.514  
SMI_Dec_lag_Mean 412   0.460     0.052     0.000     0.542  
Tav_Aug_lag_Mean 412  17.300     1.793     0.000    18.777  
Tav_Sep_lag_Mean 412  14.471     1.528     0.000    15.713  
Tav_Oct_lag_Mean 412  10.995     1.227     0.000    12.257  
Tav_Nov_lag_Mean 412   7.389     0.973     0.000     8.894  
Tav_Dec_lag_Mean 412   5.195     0.888     0.000     6.868  
Pre_Aug_lag_Mean 412  92.528    16.794     0.000    155.649 
Pre_Sep_lag_Mean 412  89.745    17.522     0.000    150.522 
Pre_Oct_lag_Mean 412  94.167    18.007     0.000    153.520 
Pre_Nov_lag_Mean 412  120.228   23.991     0.000    197.656 
Pre_Dec_lag_Mean 412  116.747   26.109     0.000    203.412 
year_Sd          412   8.803     0.000     8.803     8.803  
SMI_Jan_Sd       412   0.277     0.034     0.000     0.333  
SMI_Feb_Sd       412   0.271     0.034     0.000     0.324  
SMI_Mar_Sd       412   0.254     0.029     0.000     0.312  
SMI_Apr_Sd       412   0.276     0.033     0.000     0.321  
SMI_May_Sd       412   0.295     0.032     0.000     0.331  
SMI_Jun_Sd       412   0.290     0.032     0.000     0.328  
SMI_Jul_Sd       412   0.262     0.031     0.000     0.309  
SMI_Aug_Sd       412   0.278     0.032     0.000     0.320  
SMI_Sep_Sd       412   0.277     0.033     0.000     0.338  
SMI_Oct_Sd       412   0.263     0.030     0.000     0.304  
SMI_Nov_Sd       412   0.258     0.030     0.000     0.315  
SMI_Dec_Sd       412   0.258     0.030     0.000     0.304  
Pre_Jan_Sd       412  37.181     8.784     0.000    70.813  
Pre_Feb_Sd       412  30.921     7.461     0.000    62.106  
Pre_Mar_Sd       412  26.937     6.383     0.000    54.099  
Pre_Apr_Sd       412  38.030     9.313     0.000    77.560  
Pre_May_Sd       412  42.660     9.158     0.000    73.027  
Pre_Jun_Sd       412  33.346     8.403     0.000    77.242  
Pre_Jul_Sd       412  38.734     7.755     0.000    60.515  
Pre_Aug_Sd       412  35.678     6.474     0.000    54.916  
Pre_Sep_Sd       412  36.229     8.312     0.000    69.748  
Pre_Oct_Sd       412  50.233    13.331     0.000    96.427  
Pre_Nov_Sd       412  44.650    10.251     0.000    83.793  
Pre_Dec_Sd       412  45.899    11.681     0.000    92.710  
Tav_Jan_Sd       412   1.935     0.249     0.000     2.253  
Tav_Feb_Sd       412   1.713     0.219     0.000     2.110  
Tav_Mar_Sd       412   1.977     0.234     0.000     2.301  
Tav_Apr_Sd       412   1.745     0.183     0.000     1.892  
Tav_May_Sd       412   2.113     0.254     0.000     2.474  
Tav_Jun_Sd       412   1.555     0.246     0.000     1.963  
Tav_Jul_Sd       412   1.329     0.212     0.000     1.728  
Tav_Aug_Sd       412   1.056     0.116     0.000     1.225  
Tav_Sep_Sd       412   1.693     0.196     0.000     1.863  
Tav_Oct_Sd       412   1.380     0.168     0.000     1.582  
Tav_Nov_Sd       412   1.382     0.162     0.000     1.691  
Tav_Dec_Sd       412   1.495     0.192     0.000     1.898  
SMI_Aug_lag_Sd   412   0.272     0.031     0.000     0.317  
SMI_Sep_lag_Sd   412   0.277     0.033     0.000     0.340  
SMI_Oct_lag_Sd   412   0.258     0.030     0.000     0.300  
SMI_Nov_lag_Sd   412   0.256     0.030     0.000     0.311  
SMI_Dec_lag_Sd   412   0.256     0.030     0.000     0.302  
Tav_Aug_lag_Sd   412   1.087     0.118     0.000     1.262  
Tav_Sep_lag_Sd   412   1.698     0.197     0.000     1.858  
Tav_Oct_lag_Sd   412   1.391     0.170     0.000     1.597  
Tav_Nov_lag_Sd   412   1.384     0.161     0.000     1.688  
Tav_Dec_lag_Sd   412   1.504     0.196     0.000     1.931  
Pre_Aug_lag_Sd   412  36.416     6.831     0.000    57.783  
Pre_Sep_lag_Sd   412  36.194     8.286     0.000    67.291  
Pre_Oct_lag_Sd   412  48.560    11.843     0.000    90.486  
Pre_Nov_lag_Sd   412  43.238     9.835     0.000    83.142  
Pre_Dec_lag_Sd   412  46.015    11.677     0.000    92.847  
------------------------------------------------------------
