
Descriptive statistics
=======================================================
Statistic         N    Mean    St. Dev.    Min    Max  
-------------------------------------------------------
SMI_Jan_Mean     412   0.251     0.065    0.000  0.412 
SMI_Feb_Mean     412   0.208     0.089   -0.018  0.405 
SMI_Mar_Mean     412   0.171     0.075    0.000  0.382 
SMI_Apr_Mean     412   0.165     0.054   -0.034  0.338 
SMI_May_Mean     412   0.161     0.053    0.000  0.349 
SMI_Jun_Mean     412   0.121     0.069   -0.067  0.356 
SMI_Jul_Mean     412   0.084     0.063   -0.087  0.272 
SMI_Aug_Mean     412   0.085     0.064   -0.109  0.300 
SMI_Sep_Mean     412   0.077     0.070   -0.093  0.259 
SMI_Oct_Mean     412   0.097     0.085   -0.114  0.301 
SMI_Nov_Mean     412   0.144     0.073   -0.029  0.322 
SMI_Dec_Mean     412   0.196     0.073    0.000  0.363 
Pre_Jan_Mean     412  25.635    10.309    0.000  69.615
Pre_Feb_Mean     412   9.671     5.890   -1.983  45.904
Pre_Mar_Mean     412  18.552     6.580    0.000  48.510
Pre_Apr_Mean     412  18.842    10.618   -3.046  59.944
Pre_May_Mean     412  17.336     7.166    0.000  50.153
Pre_Jun_Mean     412  -3.320     8.837   -41.062 17.955
Pre_Jul_Mean     412   9.725     6.840   -9.466  36.956
Pre_Aug_Mean     412   2.500     7.796   -22.219 33.441
Pre_Sep_Mean     412  10.273     5.639   -10.851 28.291
Pre_Oct_Mean     412  11.969     8.698   -20.436 41.063
Pre_Nov_Mean     412  26.856    12.565    0.000  80.605
Pre_Dec_Mean     412  18.928     9.159   -3.343  52.691
Tav_Jan_Mean     412   2.750     0.309    0.000  3.124 
Tav_Feb_Mean     412   2.457     0.258    0.000  2.752 
Tav_Mar_Mean     412   1.820     0.233    0.000  2.402 
Tav_Apr_Mean     412   1.133     0.180    0.000  1.979 
Tav_May_Mean     412   0.903     0.358    0.000  1.829 
Tav_Jun_Mean     412   1.376     0.301    0.000  2.034 
Tav_Jul_Mean     412   1.323     0.293    0.000  1.954 
Tav_Aug_Mean     412   1.982     0.314    0.000  2.584 
Tav_Sep_Mean     412   1.780     0.237    0.000  2.276 
Tav_Oct_Mean     412   2.387     0.306    0.000  2.881 
Tav_Nov_Mean     412   2.649     0.293    0.000  2.953 
Tav_Dec_Mean     412   2.787     0.353    0.000  3.302 
SMI_Aug_lag_Mean 412   0.120     0.062   -0.074  0.336 
SMI_Sep_lag_Mean 412   0.100     0.070   -0.075  0.295 
SMI_Oct_lag_Mean 412   0.117     0.083   -0.092  0.321 
SMI_Nov_lag_Mean 412   0.161     0.074   -0.012  0.337 
SMI_Dec_lag_Mean 412   0.198     0.075    0.000  0.379 
Tav_Aug_lag_Mean 412   1.882     0.312    0.000  2.506 
Tav_Sep_lag_Mean 412   1.538     0.213    0.000  1.995 
Tav_Oct_lag_Mean 412   2.499     0.311    0.000  2.989 
Tav_Nov_lag_Mean 412   2.735     0.299    0.000  2.993 
Tav_Dec_lag_Mean 412   2.665     0.338    0.000  3.148 
Pre_Aug_lag_Mean 412   1.483     7.987   -26.011 34.731
Pre_Sep_lag_Mean 412  10.131     6.003   -12.439 27.972
Pre_Oct_lag_Mean 412  11.808     9.041   -19.964 39.787
Pre_Nov_lag_Mean 412  24.479    12.246    0.000  80.655
Pre_Dec_lag_Mean 412  16.584     8.994   -6.210  48.368
year_Sd          412   0.000     0.000      0      0   
SMI_Jan_Sd       412  -0.061     0.024   -0.128  0.010 
SMI_Feb_Sd       412  -0.024     0.035   -0.116  0.077 
SMI_Mar_Sd       412  -0.035     0.020   -0.097  0.026 
SMI_Apr_Sd       412  -0.001     0.025   -0.077  0.056 
SMI_May_Sd       412  -0.005     0.020   -0.056  0.044 
SMI_Jun_Sd       412  -0.009     0.028   -0.075  0.073 
SMI_Jul_Sd       412  0.00002    0.036   -0.104  0.076 
SMI_Aug_Sd       412  -0.007     0.038   -0.104  0.101 
SMI_Sep_Sd       412   0.008     0.027   -0.095  0.076 
SMI_Oct_Sd       412  -0.004     0.022   -0.097  0.044 
SMI_Nov_Sd       412  -0.036     0.025   -0.123  0.032 
SMI_Dec_Sd       412  -0.043     0.025   -0.117  0.036 
Pre_Jan_Sd       412   9.145     7.453   -3.941  35.105
Pre_Feb_Sd       412   6.246     7.546   -13.480 33.169
Pre_Mar_Sd       412   5.850     4.649   -6.561  22.808
Pre_Apr_Sd       412   2.482     6.428   -11.793 25.715
Pre_May_Sd       412   3.209     3.924   -6.779  16.607
Pre_Jun_Sd       412   3.277     5.482   -16.111 16.299
Pre_Jul_Sd       412  -0.999     6.828   -29.752 19.782
Pre_Aug_Sd       412  -1.560     8.394   -32.922 18.243
Pre_Sep_Sd       412   4.611     8.599   -18.014 34.035
Pre_Oct_Sd       412   5.788     6.341   -10.582 26.428
Pre_Nov_Sd       412   6.259     7.183   -16.019 32.221
Pre_Dec_Sd       412  -4.873     9.808   -40.598 13.453
Tav_Jan_Sd       412  -0.849     0.149   -1.097  0.000 
Tav_Feb_Sd       412  -0.155     0.116   -0.420  0.048 
Tav_Mar_Sd       412  -0.625     0.093   -0.782  0.000 
Tav_Apr_Sd       412  -0.587     0.099   -0.764  0.000 
Tav_May_Sd       412  -0.008     0.218   -0.562  0.381 
Tav_Jun_Sd       412  -0.167     0.082   -0.299  0.331 
Tav_Jul_Sd       412   0.018     0.043   -0.157  0.105 
Tav_Aug_Sd       412  -0.159     0.090   -0.399  0.000 
Tav_Sep_Sd       412  -0.180     0.071   -0.355  0.068 
Tav_Oct_Sd       412  -0.467     0.113   -0.769  0.000 
Tav_Nov_Sd       412  -0.433     0.064   -0.548  0.000 
Tav_Dec_Sd       412  -0.616     0.155   -0.996  0.000 
SMI_Aug_lag_Sd   412  -0.011     0.032   -0.100  0.084 
SMI_Sep_lag_Sd   412  -0.003     0.024   -0.090  0.046 
SMI_Oct_lag_Sd   412  -0.011     0.022   -0.085  0.038 
SMI_Nov_lag_Sd   412  -0.033     0.023   -0.106  0.030 
SMI_Dec_lag_Sd   412  -0.045     0.024   -0.105  0.040 
Tav_Aug_lag_Sd   412  -0.310     0.110   -0.574  0.000 
Tav_Sep_lag_Sd   412  -0.117     0.093   -0.372  0.123 
Tav_Oct_lag_Sd   412  -0.543     0.119   -0.851  0.000 
Tav_Nov_lag_Sd   412  -0.424     0.064   -0.562  0.000 
Tav_Dec_lag_Sd   412  -0.549     0.145   -0.907  0.000 
Pre_Aug_lag_Sd   412  -4.118     8.660   -39.352 15.348
Pre_Sep_lag_Sd   412   5.173     9.028   -18.051 35.737
Pre_Oct_lag_Sd   412   3.776     5.558   -9.984  26.804
Pre_Nov_lag_Sd   412   3.351     8.285   -21.889 22.283
Pre_Dec_lag_Sd   412  -2.847     9.187   -34.901 15.858
comId            412 8,407.973 3,791.133  1,001  16,077
-------------------------------------------------------
