
Descriptive statistics
=======================================================
Statistic         N    Mean    St. Dev.    Min    Max  
-------------------------------------------------------
SMI_Jan_Mean     412   0.050     0.042   -0.049  0.161 
SMI_Feb_Mean     412   0.049     0.039   -0.056  0.168 
SMI_Mar_Mean     412  -0.037     0.041   -0.146  0.065 
SMI_Apr_Mean     412  -0.076     0.036   -0.161  0.018 
SMI_May_Mean     412  -0.059     0.031   -0.149  0.021 
SMI_Jun_Mean     412  -0.069     0.037   -0.165  0.021 
SMI_Jul_Mean     412  -0.053     0.040   -0.189  0.083 
SMI_Aug_Mean     412  -0.086     0.042   -0.170  0.076 
SMI_Sep_Mean     412   0.009     0.037   -0.077  0.139 
SMI_Oct_Mean     412   0.066     0.029   -0.019  0.169 
SMI_Nov_Mean     412  -0.003     0.038   -0.114  0.111 
SMI_Dec_Mean     412   0.029     0.041   -0.078  0.172 
Pre_Jan_Mean     412   5.935     7.915   -18.483 30.124
Pre_Feb_Mean     412  -1.457     5.507   -18.507 14.368
Pre_Mar_Mean     412  -6.531     5.835   -41.343 3.174 
Pre_Apr_Mean     412   0.782     4.099   -9.349  18.650
Pre_May_Mean     412  -6.133     5.960   -19.052 17.356
Pre_Jun_Mean     412  -1.973     9.134   -25.954 18.346
Pre_Jul_Mean     412  -7.178     6.583   -25.985 17.376
Pre_Aug_Mean     412  -3.790     8.090   -30.673 21.046
Pre_Sep_Mean     412  21.953     8.286    0.000  72.856
Pre_Oct_Mean     412   2.123     7.749   -26.518 18.997
Pre_Nov_Mean     412  -4.176     6.492   -26.380 25.288
Pre_Dec_Mean     412  15.391     7.878   -1.955  65.409
Tav_Jan_Mean     412   1.002     0.133    0.000  1.191 
Tav_Feb_Mean     412   1.774     0.277    0.000  2.316 
Tav_Mar_Mean     412   0.666     0.122    0.000  0.992 
Tav_Apr_Mean     412   0.782     0.117    0.000  1.065 
Tav_May_Mean     412   0.414     0.138    0.000  1.040 
Tav_Jun_Mean     412   0.489     0.094    0.000  0.908 
Tav_Jul_Mean     412   0.700     0.142    0.000  0.971 
Tav_Aug_Mean     412   1.137     0.142    0.000  1.328 
Tav_Sep_Mean     412   0.465     0.109    0.000  0.764 
Tav_Oct_Mean     412   0.915     0.139    0.000  1.174 
Tav_Nov_Mean     412   1.496     0.176    0.000  1.812 
Tav_Dec_Mean     412   0.515     0.170    0.000  1.018 
SMI_Aug_lag_Mean 412  -0.078     0.044   -0.167  0.090 
SMI_Sep_lag_Mean 412   0.004     0.037   -0.095  0.135 
SMI_Oct_lag_Mean 412   0.047     0.030   -0.047  0.156 
SMI_Nov_lag_Mean 412  -0.018     0.038   -0.137  0.099 
SMI_Dec_lag_Mean 412   0.009     0.042   -0.111  0.153 
Tav_Aug_lag_Mean 412   1.054     0.140    0.000  1.294 
Tav_Sep_lag_Mean 412   0.457     0.091    0.000  0.711 
Tav_Oct_lag_Mean 412   1.041     0.150    0.000  1.330 
Tav_Nov_lag_Mean 412   1.388     0.158    0.000  1.696 
Tav_Dec_lag_Mean 412   0.457     0.171    0.000  0.978 
Pre_Aug_lag_Mean 412  -4.151     8.773   -32.660 18.748
Pre_Sep_lag_Mean 412  20.156     7.453    0.000  62.750
Pre_Oct_lag_Mean 412  -1.113     7.399   -30.533 14.347
Pre_Nov_lag_Mean 412  -2.911     5.654   -22.311 24.386
Pre_Dec_lag_Mean 412  14.772     7.897   -1.301  66.041
year_Sd          412   0.000     0.000      0      0   
SMI_Jan_Sd       412  -0.010     0.024   -0.071  0.059 
SMI_Feb_Sd       412   0.013     0.025   -0.071  0.073 
SMI_Mar_Sd       412   0.021     0.023   -0.066  0.083 
SMI_Apr_Sd       412  -0.019     0.017   -0.092  0.020 
SMI_May_Sd       412  -0.021     0.023   -0.066  0.052 
SMI_Jun_Sd       412   0.006     0.023   -0.067  0.088 
SMI_Jul_Sd       412   0.024     0.033   -0.058  0.129 
SMI_Aug_Sd       412   0.019     0.026   -0.072  0.083 
SMI_Sep_Sd       412   0.002     0.024   -0.061  0.070 
SMI_Oct_Sd       412  -0.003     0.025   -0.077  0.050 
SMI_Nov_Sd       412   0.005     0.021   -0.068  0.057 
SMI_Dec_Sd       412  -0.004     0.019   -0.060  0.046 
Pre_Jan_Sd       412   4.177     3.395   -5.676  15.964
Pre_Feb_Sd       412  -1.951     3.433   -14.293 11.623
Pre_Mar_Sd       412   3.449     4.717   -11.038 15.996
Pre_Apr_Sd       412   0.251     4.292   -11.513 13.882
Pre_May_Sd       412   1.282     6.195   -16.794 18.941
Pre_Jun_Sd       412   4.687     8.963   -19.004 41.722
Pre_Jul_Sd       412   0.789     5.575   -17.374 13.619
Pre_Aug_Sd       412  -1.384     5.839   -21.083 14.743
Pre_Sep_Sd       412   4.469     5.267   -13.958 30.223
Pre_Oct_Sd       412   5.053     4.779   -10.054 17.103
Pre_Nov_Sd       412   3.272     3.968   -10.267 15.944
Pre_Dec_Sd       412   2.689     5.630   -11.759 38.516
Tav_Jan_Sd       412   0.090     0.154   -0.153  0.499 
Tav_Feb_Sd       412   0.148     0.075   -0.034  0.353 
Tav_Mar_Sd       412  -0.096     0.134   -0.297  0.472 
Tav_Apr_Sd       412  -0.114     0.143   -0.414  0.177 
Tav_May_Sd       412  -0.223     0.098   -0.398  0.031 
Tav_Jun_Sd       412   0.072     0.051   -0.032  0.221 
Tav_Jul_Sd       412   0.197     0.102   -0.086  0.370 
Tav_Aug_Sd       412  -0.093     0.083   -0.291  0.123 
Tav_Sep_Sd       412  -0.021     0.148   -0.408  0.267 
Tav_Oct_Sd       412  -0.138     0.126   -0.329  0.293 
Tav_Nov_Sd       412  -0.244     0.139   -0.642  0.000 
Tav_Dec_Sd       412  -0.323     0.163   -0.721  0.000 
SMI_Aug_lag_Sd   412   0.019     0.027   -0.072  0.078 
SMI_Sep_lag_Sd   412   0.006     0.025   -0.057  0.075 
SMI_Oct_lag_Sd   412   0.002     0.022   -0.066  0.055 
SMI_Nov_lag_Sd   412   0.011     0.021   -0.060  0.065 
SMI_Dec_lag_Sd   412  0.00004    0.018   -0.056  0.050 
Tav_Aug_lag_Sd   412  -0.144     0.089   -0.394  0.053 
Tav_Sep_lag_Sd   412  -0.049     0.153   -0.450  0.242 
Tav_Oct_lag_Sd   412  -0.263     0.113   -0.419  0.183 
Tav_Nov_lag_Sd   412  -0.250     0.111   -0.534  0.000 
Tav_Dec_lag_Sd   412  -0.315     0.165   -0.691  0.000 
Pre_Aug_lag_Sd   412  -1.678     6.532   -26.259 15.266
Pre_Sep_lag_Sd   412   6.112     5.152   -11.443 35.296
Pre_Oct_lag_Sd   412   5.444     4.678   -12.321 18.292
Pre_Nov_lag_Sd   412   3.822     4.042   -10.100 16.052
Pre_Dec_lag_Sd   412   2.565     5.767   -11.657 40.415
comId            412 8,407.973 3,791.133  1,001  16,077
-------------------------------------------------------
