
Descriptive statistics
============================================================
Statistic         N    Mean    St. Dev.     Min       Max   
------------------------------------------------------------
comId            412 8,407.973 3,791.133   1,001    16,077  
year_Mean        412 1,985.500   0.000   1,985.500 1,985.500
SMI_Jan_Mean     412   0.410     0.047     0.000     0.478  
SMI_Feb_Mean     412   0.402     0.050     0.000     0.486  
SMI_Mar_Mean     412   0.419     0.050     0.000     0.489  
SMI_Apr_Mean     412   0.421     0.046     0.000     0.513  
SMI_May_Mean     412   0.410     0.049     0.000     0.495  
SMI_Jun_Mean     412   0.434     0.057     0.000     0.529  
SMI_Jul_Mean     412   0.465     0.058     0.000     0.571  
SMI_Aug_Mean     412   0.470     0.056     0.000     0.575  
SMI_Sep_Mean     412   0.471     0.056     0.000     0.547  
SMI_Oct_Mean     412   0.471     0.061     0.000     0.578  
SMI_Nov_Mean     412   0.439     0.055     0.000     0.530  
SMI_Dec_Mean     412   0.409     0.050     0.000     0.484  
Pre_Jan_Mean     412  98.175    35.957     0.000    256.620 
Pre_Feb_Mean     412  90.967    30.706     0.000    233.200 
Pre_Mar_Mean     412  70.916    20.471     0.000    161.376 
Pre_Apr_Mean     412  78.280    18.750     0.000    150.158 
Pre_May_Mean     412  75.301    18.666     0.000    143.329 
Pre_Jun_Mean     412  90.877    22.659     0.000    176.644 
Pre_Jul_Mean     412  83.055    19.478     0.000    156.257 
Pre_Aug_Mean     412  91.950    23.649     0.000    192.458 
Pre_Sep_Mean     412  99.967    30.483     0.000    235.273 
Pre_Oct_Mean     412  105.965   38.578     0.000    275.842 
Pre_Nov_Mean     412  108.465   37.677     0.000    264.668 
Pre_Dec_Mean     412  117.136   44.087     0.000    313.379 
Tav_Jan_Mean     412   0.940     0.725    -1.294     2.989  
Tav_Feb_Mean     412   1.185     0.706    -1.120     2.926  
Tav_Mar_Mean     412   4.298     0.852     0.000     6.146  
Tav_Apr_Mean     412   8.647     1.170     0.000    10.484  
Tav_May_Mean     412  13.391     1.554     0.000    15.392  
Tav_Jun_Mean     412  15.836     1.747     0.000    17.685  
Tav_Jul_Mean     412  18.368     2.011     0.000    20.683  
Tav_Aug_Mean     412  17.233     1.882     0.000    19.619  
Tav_Sep_Mean     412  14.140     1.551     0.000    16.023  
Tav_Oct_Mean     412  10.199     1.187     0.000    11.874  
Tav_Nov_Mean     412   5.650     0.842     0.000     7.720  
Tav_Dec_Mean     412   2.536     0.809     0.000     4.865  
SMI_Aug_lag_Mean 412   0.454     0.055     0.000     0.557  
SMI_Sep_lag_Mean 412   0.471     0.056     0.000     0.558  
SMI_Oct_lag_Mean 412   0.471     0.061     0.000     0.580  
SMI_Nov_lag_Mean 412   0.433     0.054     0.000     0.525  
SMI_Dec_lag_Mean 412   0.413     0.051     0.000     0.502  
Tav_Aug_lag_Mean 412  17.210     1.878     0.000    19.582  
Tav_Sep_lag_Mean 412  14.242     1.561     0.000    16.112  
Tav_Oct_lag_Mean 412  10.124     1.180     0.000    11.836  
Tav_Nov_lag_Mean 412   5.574     0.838     0.000     7.674  
Tav_Dec_lag_Mean 412   2.513     0.817     0.000     4.884  
Pre_Aug_lag_Mean 412  93.792    24.104     0.000    198.576 
Pre_Sep_lag_Mean 412  101.870   31.320     0.000    242.776 
Pre_Oct_lag_Mean 412  104.725   37.947     0.000    272.188 
Pre_Nov_lag_Mean 412  108.605   36.958     0.000    266.235 
Pre_Dec_lag_Mean 412  120.229   45.480     0.000    324.785 
year_Sd          412   8.803     0.000     8.803     8.803  
SMI_Jan_Sd       412   0.274     0.033     0.000     0.329  
SMI_Feb_Sd       412   0.261     0.031     0.000     0.305  
SMI_Mar_Sd       412   0.282     0.031     0.000     0.324  
SMI_Apr_Sd       412   0.270     0.032     0.000     0.319  
SMI_May_Sd       412   0.253     0.029     0.000     0.304  
SMI_Jun_Sd       412   0.270     0.033     0.000     0.326  
SMI_Jul_Sd       412   0.262     0.035     0.000     0.328  
SMI_Aug_Sd       412   0.272     0.036     0.000     0.335  
SMI_Sep_Sd       412   0.261     0.030     0.000     0.301  
SMI_Oct_Sd       412   0.265     0.030     0.000     0.321  
SMI_Nov_Sd       412   0.277     0.033     0.000     0.325  
SMI_Dec_Sd       412   0.277     0.036     0.000     0.333  
Pre_Jan_Sd       412  32.722    13.502     0.000    102.041 
Pre_Feb_Sd       412  34.332    13.322     0.000    105.861 
Pre_Mar_Sd       412  31.389    10.443     0.000    80.470  
Pre_Apr_Sd       412  33.902     9.657     0.000    80.402  
Pre_May_Sd       412  27.728     7.203     0.000    61.717  
Pre_Jun_Sd       412  30.531     7.800     0.000    68.752  
Pre_Jul_Sd       412  33.276     9.221     0.000    81.560  
Pre_Aug_Sd       412  36.391    10.372     0.000    93.027  
Pre_Sep_Sd       412  45.859    12.223     0.000    107.096 
Pre_Oct_Sd       412  40.091    15.039     0.000    125.457 
Pre_Nov_Sd       412  41.450    17.402     0.000    119.171 
Pre_Dec_Sd       412  50.893    24.648     0.000    171.636 
Tav_Jan_Sd       412   2.576     0.331     0.000     3.131  
Tav_Feb_Sd       412   2.293     0.318     0.000     2.932  
Tav_Mar_Sd       412   2.433     0.349     0.000     3.063  
Tav_Apr_Sd       412   2.102     0.292     0.000     2.572  
Tav_May_Sd       412   1.833     0.234     0.000     2.242  
Tav_Jun_Sd       412   1.755     0.278     0.000     2.179  
Tav_Jul_Sd       412   1.697     0.303     0.000     2.294  
Tav_Aug_Sd       412   1.696     0.297     0.000     2.351  
Tav_Sep_Sd       412   1.901     0.298     0.000     2.405  
Tav_Oct_Sd       412   1.889     0.265     0.000     2.262  
Tav_Nov_Sd       412   2.186     0.302     0.000     2.652  
Tav_Dec_Sd       412   2.230     0.309     0.000     2.730  
SMI_Aug_lag_Sd   412   0.265     0.034     0.000     0.327  
SMI_Sep_lag_Sd   412   0.260     0.029     0.000     0.299  
SMI_Oct_lag_Sd   412   0.264     0.029     0.000     0.315  
SMI_Nov_lag_Sd   412   0.274     0.032     0.000     0.322  
SMI_Dec_lag_Sd   412   0.279     0.036     0.000     0.335  
Tav_Aug_lag_Sd   412   1.726     0.310     0.000     2.393  
Tav_Sep_lag_Sd   412   1.784     0.274     0.000     2.256  
Tav_Oct_lag_Sd   412   1.936     0.251     0.000     2.288  
Tav_Nov_lag_Sd   412   2.178     0.300     0.000     2.639  
Tav_Dec_lag_Sd   412   2.231     0.310     0.000     2.736  
Pre_Aug_lag_Sd   412  37.813    10.607     0.000    98.457  
Pre_Sep_lag_Sd   412  45.259    11.809     0.000    103.404 
Pre_Oct_lag_Sd   412  40.255    15.229     0.000    126.225 
Pre_Nov_lag_Sd   412  40.850    17.048     0.000    119.371 
Pre_Dec_lag_Sd   412  48.931    23.672     0.000    166.053 
------------------------------------------------------------
