
Descriptive statistics
=======================================================
Statistic         N    Mean    St. Dev.    Min    Max  
-------------------------------------------------------
SMI_Jan_Mean     412   0.084     0.032    0.000  0.161 
SMI_Feb_Mean     412   0.077     0.036   -0.030  0.158 
SMI_Mar_Mean     412   0.010     0.036   -0.136  0.120 
SMI_Apr_Mean     412  -0.083     0.032   -0.156  0.025 
SMI_May_Mean     412  -0.051     0.032   -0.142  0.024 
SMI_Jun_Mean     412  -0.041     0.039   -0.140  0.056 
SMI_Jul_Mean     412  -0.033     0.038   -0.152  0.076 
SMI_Aug_Mean     412  -0.019     0.032   -0.117  0.088 
SMI_Sep_Mean     412   0.045     0.029   -0.050  0.132 
SMI_Oct_Mean     412   0.102     0.035    0.000  0.193 
SMI_Nov_Mean     412   0.033     0.040   -0.063  0.151 
SMI_Dec_Mean     412   0.072     0.032   -0.031  0.151 
Pre_Jan_Mean     412   3.500     7.571   -17.226 21.206
Pre_Feb_Mean     412   3.071     6.651   -19.034 14.729
Pre_Mar_Mean     412  -2.327     4.628   -30.376 4.979 
Pre_Apr_Mean     412  -0.877     3.302   -12.206 7.511 
Pre_May_Mean     412   5.092     4.390   -7.113  16.390
Pre_Jun_Mean     412  -4.754     6.694   -22.073 12.587
Pre_Jul_Mean     412  -1.828     4.389   -13.905 8.594 
Pre_Aug_Mean     412   2.718     7.712   -20.379 19.608
Pre_Sep_Mean     412  24.926     6.406    0.000  40.914
Pre_Oct_Mean     412   1.146     7.384   -12.277 41.542
Pre_Nov_Mean     412  -1.134     6.957   -19.997 16.946
Pre_Dec_Mean     412  14.227     7.595    0.000  44.985
Tav_Jan_Mean     412   0.983     0.108    0.000  1.102 
Tav_Feb_Mean     412   1.790     0.229    0.000  2.165 
Tav_Mar_Mean     412   0.587     0.164    0.000  0.927 
Tav_Apr_Mean     412   1.298     0.150    0.000  1.548 
Tav_May_Mean     412   0.712     0.144    0.000  1.085 
Tav_Jun_Mean     412   0.479     0.078    0.000  0.706 
Tav_Jul_Mean     412   0.694     0.126    0.000  0.958 
Tav_Aug_Mean     412   0.880     0.094    0.000  0.970 
Tav_Sep_Mean     412   0.404     0.116    0.000  0.720 
Tav_Oct_Mean     412   0.725     0.127    0.000  1.093 
Tav_Nov_Mean     412   1.364     0.178    0.000  1.606 
Tav_Dec_Mean     412   0.159     0.063    0.000  0.338 
SMI_Aug_lag_Mean 412  -0.011     0.029   -0.097  0.090 
SMI_Sep_lag_Mean 412   0.043     0.029   -0.031  0.136 
SMI_Oct_lag_Mean 412   0.090     0.038    0.000  0.190 
SMI_Nov_lag_Mean 412   0.033     0.043   -0.062  0.155 
SMI_Dec_lag_Mean 412   0.064     0.035   -0.039  0.153 
Tav_Aug_lag_Mean 412   0.815     0.093    0.000  0.927 
Tav_Sep_lag_Mean 412   0.348     0.102    0.000  0.602 
Tav_Oct_lag_Mean 412   0.809     0.145    0.000  1.224 
Tav_Nov_lag_Mean 412   1.268     0.159    0.000  1.498 
Tav_Dec_lag_Mean 412   0.060     0.063   -0.096  0.239 
Pre_Aug_lag_Mean 412   3.401     7.011   -17.211 20.194
Pre_Sep_lag_Mean 412  23.578     6.610    0.000  40.239
Pre_Oct_lag_Mean 412  -0.991     7.899   -16.663 42.682
Pre_Nov_lag_Mean 412   0.997     6.370   -14.940 19.181
Pre_Dec_lag_Mean 412  12.089     7.543   -2.275  41.809
year_Sd          412   0.000     0.000      0      0   
SMI_Jan_Sd       412  -0.013     0.022   -0.085  0.043 
SMI_Feb_Sd       412   0.006     0.026   -0.089  0.074 
SMI_Mar_Sd       412   0.004     0.023   -0.046  0.071 
SMI_Apr_Sd       412  -0.016     0.020   -0.086  0.033 
SMI_May_Sd       412  -0.013     0.018   -0.058  0.043 
SMI_Jun_Sd       412   0.006     0.018   -0.037  0.063 
SMI_Jul_Sd       412  -0.002     0.025   -0.068  0.081 
SMI_Aug_Sd       412  -0.003     0.019   -0.047  0.056 
SMI_Sep_Sd       412  -0.011     0.025   -0.081  0.039 
SMI_Oct_Sd       412  -0.022     0.018   -0.061  0.033 
SMI_Nov_Sd       412  -0.010     0.020   -0.071  0.044 
SMI_Dec_Sd       412  -0.010     0.017   -0.064  0.042 
Pre_Jan_Sd       412   4.737     4.511   -10.717 15.975
Pre_Feb_Sd       412  -1.417     3.859   -12.590 6.866 
Pre_Mar_Sd       412   2.130     3.847   -10.511 13.115
Pre_Apr_Sd       412  -4.882     4.255   -19.000 5.328 
Pre_May_Sd       412   5.508     6.369   -12.182 27.478
Pre_Jun_Sd       412   2.172     5.682   -16.396 17.848
Pre_Jul_Sd       412   2.284     5.793   -23.598 19.338
Pre_Aug_Sd       412   2.246     6.996   -23.502 18.106
Pre_Sep_Sd       412   6.918     8.512   -10.096 36.121
Pre_Oct_Sd       412  -0.049     6.015   -14.404 25.481
Pre_Nov_Sd       412  -1.252     5.555   -14.393 14.061
Pre_Dec_Sd       412   2.870     5.405   -18.877 20.005
Tav_Jan_Sd       412  -0.235     0.132   -0.437  0.091 
Tav_Feb_Sd       412   0.120     0.051    0.000  0.259 
Tav_Mar_Sd       412   0.453     0.085    0.000  0.662 
Tav_Apr_Sd       412  -0.562     0.144   -0.846  0.000 
Tav_May_Sd       412   0.126     0.051    0.000  0.252 
Tav_Jun_Sd       412   0.208     0.065    0.000  0.363 
Tav_Jul_Sd       412  -0.038     0.044   -0.138  0.096 
Tav_Aug_Sd       412  -0.093     0.105   -0.319  0.156 
Tav_Sep_Sd       412   0.043     0.129   -0.304  0.285 
Tav_Oct_Sd       412   0.173     0.101   -0.040  0.325 
Tav_Nov_Sd       412  -0.311     0.095   -0.563  0.000 
Tav_Dec_Sd       412  -0.051     0.074   -0.181  0.080 
SMI_Aug_lag_Sd   412  -0.002     0.017   -0.044  0.052 
SMI_Sep_lag_Sd   412  -0.004     0.024   -0.076  0.047 
SMI_Oct_lag_Sd   412  -0.020     0.019   -0.060  0.035 
SMI_Nov_lag_Sd   412  -0.006     0.020   -0.065  0.056 
SMI_Dec_lag_Sd   412  -0.006     0.019   -0.060  0.053 
Tav_Aug_lag_Sd   412  -0.101     0.095   -0.315  0.111 
Tav_Sep_lag_Sd   412   0.041     0.139   -0.304  0.297 
Tav_Oct_lag_Sd   412   0.052     0.091   -0.131  0.280 
Tav_Nov_lag_Sd   412  -0.257     0.060   -0.422  0.000 
Tav_Dec_lag_Sd   412  -0.012     0.075   -0.149  0.129 
Pre_Aug_lag_Sd   412   3.137     6.345   -21.006 17.974
Pre_Sep_lag_Sd   412   8.695     8.590   -9.250  36.080
Pre_Oct_lag_Sd   412   1.082     5.257   -10.517 25.467
Pre_Nov_lag_Sd   412  -0.946     5.281   -12.241 14.468
Pre_Dec_lag_Sd   412   2.143     4.856   -24.035 15.981
comId            412 8,407.973 3,791.133  1,001  16,077
-------------------------------------------------------
