
Descriptive statistics
============================================================
Statistic         N    Mean    St. Dev.     Min       Max   
------------------------------------------------------------
comId            412 8,407.973 3,791.133   1,001    16,077  
year_Mean        412 2,035.500   0.000   2,035.500 2,035.500
SMI_Jan_Mean     412   0.522     0.056     0.000     0.584  
SMI_Feb_Mean     412   0.524     0.056     0.000     0.578  
SMI_Mar_Mean     412   0.484     0.051     0.000     0.533  
SMI_Apr_Mean     412   0.436     0.047     0.000     0.492  
SMI_May_Mean     412   0.458     0.050     0.000     0.513  
SMI_Jun_Mean     412   0.468     0.051     0.000     0.549  
SMI_Jul_Mean     412   0.520     0.057     0.000     0.600  
SMI_Aug_Mean     412   0.519     0.055     0.000     0.580  
SMI_Sep_Mean     412   0.567     0.063     0.000     0.636  
SMI_Oct_Mean     412   0.574     0.061     0.000     0.624  
SMI_Nov_Mean     412   0.533     0.057     0.000     0.592  
SMI_Dec_Mean     412   0.527     0.057     0.000     0.592  
Pre_Jan_Mean     412  85.494    25.850     0.000    212.384 
Pre_Feb_Mean     412  76.200    21.114     0.000    181.496 
Pre_Mar_Mean     412  60.413    15.326     0.000    128.588 
Pre_Apr_Mean     412  62.819    16.026     0.000    150.851 
Pre_May_Mean     412  79.572    17.834     0.000    163.735 
Pre_Jun_Mean     412  91.367    21.395     0.000    191.210 
Pre_Jul_Mean     412  95.942    21.729     0.000    200.095 
Pre_Aug_Mean     412  91.283    22.703     0.000    181.369 
Pre_Sep_Mean     412  87.742    27.997     0.000    233.039 
Pre_Oct_Mean     412  74.955    20.780     0.000    173.368 
Pre_Nov_Mean     412  80.370    24.001     0.000    191.039 
Pre_Dec_Mean     412  97.184    27.187     0.000    250.633 
Tav_Jan_Mean     412   1.852     0.950    -0.599     3.956  
Tav_Feb_Mean     412   3.062     0.866     0.000     5.017  
Tav_Mar_Mean     412   4.755     0.902     0.000     6.846  
Tav_Apr_Mean     412   9.388     1.225     0.000    11.278  
Tav_May_Mean     412  13.170     1.509     0.000    15.003  
Tav_Jun_Mean     412  15.920     1.734     0.000    17.975  
Tav_Jul_Mean     412  17.706     1.890     0.000    19.820  
Tav_Aug_Mean     412  17.411     1.835     0.000    19.412  
Tav_Sep_Mean     412  14.526     1.552     0.000    16.353  
Tav_Oct_Mean     412  11.055     1.218     0.000    12.625  
Tav_Nov_Mean     412   6.634     1.019     0.000     9.043  
Tav_Dec_Mean     412   2.976     0.976     0.000     5.712  
SMI_Aug_lag_Mean 412   0.534     0.058     0.000     0.601  
SMI_Sep_lag_Mean 412   0.577     0.064     0.000     0.646  
SMI_Oct_lag_Mean 412   0.569     0.060     0.000     0.617  
SMI_Nov_lag_Mean 412   0.523     0.057     0.000     0.582  
SMI_Dec_lag_Mean 412   0.515     0.056     0.000     0.581  
Tav_Aug_lag_Mean 412  17.295     1.822     0.000    19.269  
Tav_Sep_lag_Mean 412  14.484     1.547     0.000    16.288  
Tav_Oct_lag_Mean 412  11.065     1.218     0.000    12.642  
Tav_Nov_lag_Mean 412   6.467     1.019     0.000     8.944  
Tav_Dec_lag_Mean 412   2.966     0.985     0.000     5.701  
Pre_Aug_lag_Mean 412  91.992    22.222     0.000    182.540 
Pre_Sep_lag_Mean 412  87.309    27.291     0.000    227.006 
Pre_Oct_lag_Mean 412  71.549    19.699     0.000    163.699 
Pre_Nov_lag_Mean 412  79.332    23.312     0.000    190.382 
Pre_Dec_lag_Mean 412  97.303    27.191     0.000    253.072 
year_Sd          412   8.803     0.000     8.803     8.803  
SMI_Jan_Sd       412   0.261     0.030     0.000     0.303  
SMI_Feb_Sd       412   0.264     0.032     0.000     0.312  
SMI_Mar_Sd       412   0.276     0.032     0.000     0.328  
SMI_Apr_Sd       412   0.246     0.027     0.000     0.280  
SMI_May_Sd       412   0.244     0.032     0.000     0.310  
SMI_Jun_Sd       412   0.259     0.031     0.000     0.320  
SMI_Jul_Sd       412   0.273     0.036     0.000     0.339  
SMI_Aug_Sd       412   0.264     0.032     0.000     0.302  
SMI_Sep_Sd       412   0.250     0.029     0.000     0.294  
SMI_Oct_Sd       412   0.257     0.030     0.000     0.300  
SMI_Nov_Sd       412   0.263     0.030     0.000     0.309  
SMI_Dec_Sd       412   0.267     0.031     0.000     0.305  
Pre_Jan_Sd       412  34.310    11.289     0.000    96.407  
Pre_Feb_Sd       412  31.530    13.224     0.000    116.324 
Pre_Mar_Sd       412  32.307    10.901     0.000    80.412  
Pre_Apr_Sd       412  25.483     6.787     0.000    63.471  
Pre_May_Sd       412  30.481     7.208     0.000    61.619  
Pre_Jun_Sd       412  35.126    10.834     0.000    85.926  
Pre_Jul_Sd       412  39.613     9.166     0.000    73.302  
Pre_Aug_Sd       412  30.846     8.604     0.000    65.096  
Pre_Sep_Sd       412  37.459    13.871     0.000    130.002 
Pre_Oct_Sd       412  37.253    10.731     0.000    87.327  
Pre_Nov_Sd       412  38.024    12.188     0.000    93.381  
Pre_Dec_Sd       412  37.453    13.896     0.000    125.380 
Tav_Jan_Sd       412   2.157     0.283     0.000     2.589  
Tav_Feb_Sd       412   2.284     0.263     0.000     2.651  
Tav_Mar_Sd       412   1.960     0.258     0.000     2.426  
Tav_Apr_Sd       412   1.748     0.212     0.000     2.133  
Tav_May_Sd       412   1.466     0.160     0.000     1.666  
Tav_Jun_Sd       412   1.409     0.196     0.000     1.737  
Tav_Jul_Sd       412   1.641     0.261     0.000     1.996  
Tav_Aug_Sd       412   1.235     0.153     0.000     1.532  
Tav_Sep_Sd       412   1.216     0.218     0.000     1.680  
Tav_Oct_Sd       412   1.366     0.266     0.000     2.145  
Tav_Nov_Sd       412   1.522     0.213     0.000     2.007  
Tav_Dec_Sd       412   1.772     0.298     0.000     2.360  
SMI_Aug_lag_Sd   412   0.263     0.032     0.000     0.302  
SMI_Sep_lag_Sd   412   0.249     0.029     0.000     0.290  
SMI_Oct_lag_Sd   412   0.261     0.031     0.000     0.308  
SMI_Nov_lag_Sd   412   0.269     0.031     0.000     0.315  
SMI_Dec_lag_Sd   412   0.271     0.031     0.000     0.317  
Tav_Aug_lag_Sd   412   1.221     0.164     0.000     1.528  
Tav_Sep_lag_Sd   412   1.189     0.218     0.000     1.658  
Tav_Oct_lag_Sd   412   1.366     0.266     0.000     2.145  
Tav_Nov_lag_Sd   412   1.545     0.203     0.000     2.035  
Tav_Dec_lag_Sd   412   1.778     0.301     0.000     2.386  
Pre_Aug_lag_Sd   412  31.177     7.824     0.000    64.909  
Pre_Sep_lag_Sd   412  38.036    14.148     0.000    131.653 
Pre_Oct_lag_Sd   412  37.749    10.754     0.000    87.590  
Pre_Nov_lag_Sd   412  38.252    12.223     0.000    93.239  
Pre_Dec_lag_Sd   412  37.611    14.021     0.000    128.826 
------------------------------------------------------------
