
Descriptive statistics
=======================================================
Statistic         N    Mean    St. Dev.    Min    Max  
-------------------------------------------------------
SMI_Jan_Mean     412   0.048     0.042   -0.095  0.181 
SMI_Feb_Mean     412   0.025     0.040   -0.084  0.152 
SMI_Mar_Mean     412  -0.001     0.031   -0.100  0.128 
SMI_Apr_Mean     412   0.008     0.040   -0.082  0.105 
SMI_May_Mean     412  -0.022     0.035   -0.121  0.041 
SMI_Jun_Mean     412  -0.093     0.040   -0.194  0.000 
SMI_Jul_Mean     412  -0.171     0.055   -0.306  0.001 
SMI_Aug_Mean     412  -0.146     0.054   -0.284  0.001 
SMI_Sep_Mean     412  -0.155     0.055   -0.284  0.000 
SMI_Oct_Mean     412  -0.085     0.047   -0.233  0.047 
SMI_Nov_Mean     412  -0.095     0.060   -0.250  0.059 
SMI_Dec_Mean     412  -0.021     0.048   -0.174  0.123 
Pre_Jan_Mean     412  18.950     7.613    0.000  49.139
Pre_Feb_Mean     412   3.771     4.698   -21.234 15.982
Pre_Mar_Mean     412  10.277     3.443    0.000  19.820
Pre_Apr_Mean     412  12.671     6.461   -0.635  37.734
Pre_May_Mean     412   9.367     5.882   -4.753  26.065
Pre_Jun_Mean     412  -12.791    7.331   -30.694 5.750 
Pre_Jul_Mean     412   0.095     6.100   -17.080 19.734
Pre_Aug_Mean     412  -4.337     6.840   -29.611 11.683
Pre_Sep_Mean     412   9.989     4.675   -1.178  22.283
Pre_Oct_Mean     412   2.112     8.255   -11.300 42.789
Pre_Nov_Mean     412  19.161     5.912    0.000  31.952
Pre_Dec_Mean     412  18.222     7.567    0.000  42.151
Tav_Jan_Mean     412   2.855     0.291    0.000  3.018 
Tav_Feb_Mean     412   2.764     0.333    0.000  3.163 
Tav_Mar_Mean     412   2.251     0.283    0.000  2.643 
Tav_Apr_Mean     412   2.316     0.273    0.000  2.708 
Tav_May_Mean     412   2.084     0.371    0.000  2.893 
Tav_Jun_Mean     412   2.491     0.366    0.000  3.141 
Tav_Jul_Mean     412   2.657     0.459    0.000  3.503 
Tav_Aug_Mean     412   2.747     0.322    0.000  3.066 
Tav_Sep_Mean     412   2.008     0.224    0.000  2.309 
Tav_Oct_Mean     412   2.078     0.224    0.000  2.431 
Tav_Nov_Mean     412   3.006     0.314    0.000  3.263 
Tav_Dec_Mean     412   2.864     0.308    0.000  3.141 
SMI_Aug_lag_Mean 412  -0.135     0.057   -0.292  0.010 
SMI_Sep_lag_Mean 412  -0.149     0.057   -0.289  0.011 
SMI_Oct_lag_Mean 412  -0.082     0.048   -0.231  0.049 
SMI_Nov_lag_Mean 412  -0.088     0.059   -0.239  0.067 
SMI_Dec_lag_Mean 412  -0.020     0.049   -0.165  0.121 
Tav_Aug_lag_Mean 412   2.702     0.313    0.000  3.012 
Tav_Sep_lag_Mean 412   1.989     0.215    0.000  2.269 
Tav_Oct_lag_Mean 412   2.235     0.242    0.000  2.566 
Tav_Nov_lag_Mean 412   3.140     0.329    0.000  3.397 
Tav_Dec_lag_Mean 412   2.694     0.301    0.000  2.983 
Pre_Aug_lag_Mean 412  -4.029     6.907   -29.618 10.343
Pre_Sep_lag_Mean 412   8.321     4.854   -5.099  20.330
Pre_Oct_lag_Mean 412   0.160     7.003   -14.804 37.285
Pre_Nov_lag_Mean 412  19.265     5.683    0.000  31.949
Pre_Dec_lag_Mean 412  16.948     7.762    0.000  41.547
year_Sd          412   0.000     0.000      0      0   
SMI_Jan_Sd       412   0.013     0.018   -0.051  0.061 
SMI_Feb_Sd       412   0.023     0.022   -0.045  0.079 
SMI_Mar_Sd       412  -0.012     0.023   -0.060  0.052 
SMI_Apr_Sd       412   0.008     0.021   -0.067  0.071 
SMI_May_Sd       412   0.035     0.016   -0.012  0.084 
SMI_Jun_Sd       412   0.041     0.022   -0.016  0.098 
SMI_Jul_Sd       412   0.006     0.024   -0.061  0.094 
SMI_Aug_Sd       412   0.027     0.023   -0.036  0.090 
SMI_Sep_Sd       412   0.025     0.022   -0.039  0.079 
SMI_Oct_Sd       412  -0.002     0.024   -0.074  0.059 
SMI_Nov_Sd       412  -0.002     0.019   -0.057  0.057 
SMI_Dec_Sd       412  -0.010     0.018   -0.065  0.046 
Pre_Jan_Sd       412   5.430     3.700   -6.126  13.479
Pre_Feb_Sd       412  -4.108     3.944   -17.554 5.567 
Pre_Mar_Sd       412  -4.021     5.842   -19.744 11.067
Pre_Apr_Sd       412   3.618     6.115   -15.614 18.353
Pre_May_Sd       412  13.624     5.801   -1.204  29.866
Pre_Jun_Sd       412   4.163     6.018   -12.136 19.097
Pre_Jul_Sd       412   4.082     5.524   -10.505 24.469
Pre_Aug_Sd       412   4.844     5.092   -10.533 22.872
Pre_Sep_Sd       412   1.319     5.217   -9.744  23.141
Pre_Oct_Sd       412  12.491     7.492    0.000  42.048
Pre_Nov_Sd       412   3.624     4.621   -9.387  14.607
Pre_Dec_Sd       412   8.802     7.038   -5.008  32.442
Tav_Jan_Sd       412  -0.357     0.088   -0.525  0.000 
Tav_Feb_Sd       412  -0.390     0.095   -0.547  0.000 
Tav_Mar_Sd       412   0.096     0.124   -0.202  0.472 
Tav_Apr_Sd       412  -0.138     0.089   -0.315  0.035 
Tav_May_Sd       412   0.595     0.157    0.000  0.951 
Tav_Jun_Sd       412   0.300     0.073    0.000  0.468 
Tav_Jul_Sd       412  -0.083     0.089   -0.217  0.170 
Tav_Aug_Sd       412  -0.166     0.080   -0.328  0.017 
Tav_Sep_Sd       412   0.519     0.120    0.000  0.712 
Tav_Oct_Sd       412  -0.043     0.075   -0.266  0.113 
Tav_Nov_Sd       412  -0.458     0.137   -0.772  0.000 
Tav_Dec_Sd       412  -0.368     0.265   -0.946  0.115 
SMI_Aug_lag_Sd   412   0.021     0.024   -0.042  0.091 
SMI_Sep_lag_Sd   412   0.029     0.026   -0.047  0.091 
SMI_Oct_lag_Sd   412  -0.009     0.025   -0.081  0.056 
SMI_Nov_lag_Sd   412  -0.005     0.019   -0.059  0.049 
SMI_Dec_lag_Sd   412  -0.010     0.018   -0.068  0.039 
Tav_Aug_lag_Sd   412  -0.172     0.074   -0.314  0.000 
Tav_Sep_lag_Sd   412   0.526     0.121    0.000  0.726 
Tav_Oct_lag_Sd   412  -0.160     0.083   -0.323  0.000 
Tav_Nov_lag_Sd   412  -0.495     0.129   -0.790  0.000 
Tav_Dec_lag_Sd   412  -0.349     0.251   -0.840  0.144 
Pre_Aug_lag_Sd   412   4.918     5.399   -10.876 20.042
Pre_Sep_lag_Sd   412   2.344     5.055   -8.091  23.223
Pre_Oct_lag_Sd   412  11.324     6.012    0.000  37.416
Pre_Nov_lag_Sd   412   1.961     4.798   -9.196  14.428
Pre_Dec_lag_Sd   412   8.632     6.733   -4.449  29.617
comId            412 8,407.973 3,791.133  1,001  16,077
-------------------------------------------------------
