
Descriptive statistics
=======================================================
Statistic         N    Mean    St. Dev.    Min    Max  
-------------------------------------------------------
SMI_Jan_Mean     412   0.102     0.054   -0.020  0.256 
SMI_Feb_Mean     412   0.100     0.059   -0.042  0.272 
SMI_Mar_Mean     412   0.094     0.063   -0.015  0.282 
SMI_Apr_Mean     412   0.150     0.046    0.000  0.282 
SMI_May_Mean     412   0.130     0.057   -0.051  0.291 
SMI_Jun_Mean     412   0.020     0.068   -0.188  0.207 
SMI_Jul_Mean     412  -0.137     0.073   -0.362  0.027 
SMI_Aug_Mean     412  -0.128     0.080   -0.324  0.062 
SMI_Sep_Mean     412  -0.112     0.075   -0.275  0.085 
SMI_Oct_Mean     412  -0.041     0.071   -0.181  0.143 
SMI_Nov_Mean     412  -0.045     0.074   -0.229  0.165 
SMI_Dec_Mean     412   0.011     0.067   -0.143  0.208 
Pre_Jan_Mean     412  27.312     8.247    0.000  53.143
Pre_Feb_Mean     412   7.206     2.782    0.000  14.303
Pre_Mar_Mean     412  14.705     3.259    0.000  25.778
Pre_Apr_Mean     412  20.192     5.650    0.000  33.353
Pre_May_Mean     412  11.384     5.307   -5.817  24.217
Pre_Jun_Mean     412  -17.432    8.229   -57.837 0.000 
Pre_Jul_Mean     412  -8.651     9.026   -50.686 11.272
Pre_Aug_Mean     412  -8.552     8.398   -40.087 8.779 
Pre_Sep_Mean     412  11.806     3.671   -2.472  23.975
Pre_Oct_Mean     412   6.065     5.465   -13.943 18.562
Pre_Nov_Mean     412  18.412     5.705    0.000  33.199
Pre_Dec_Mean     412  20.449     7.449    0.000  41.202
Tav_Jan_Mean     412   2.963     0.327    0.000  3.421 
Tav_Feb_Mean     412   2.653     0.332    0.000  3.188 
Tav_Mar_Mean     412   1.705     0.271    0.000  2.530 
Tav_Apr_Mean     412   1.497     0.236    0.000  2.421 
Tav_May_Mean     412   1.322     0.259    0.000  2.039 
Tav_Jun_Mean     412   2.220     0.315    0.000  2.811 
Tav_Jul_Mean     412   2.760     0.524    0.000  3.756 
Tav_Aug_Mean     412   2.706     0.419    0.000  3.388 
Tav_Sep_Mean     412   2.162     0.259    0.000  2.493 
Tav_Oct_Mean     412   2.277     0.253    0.000  2.588 
Tav_Nov_Mean     412   2.947     0.312    0.000  3.169 
Tav_Dec_Mean     412   2.704     0.296    0.000  2.982 
SMI_Aug_lag_Mean 412  -0.118     0.082   -0.320  0.077 
SMI_Sep_lag_Mean 412  -0.109     0.076   -0.268  0.092 
SMI_Oct_lag_Mean 412  -0.034     0.070   -0.175  0.155 
SMI_Nov_lag_Mean 412  -0.027     0.074   -0.199  0.188 
SMI_Dec_lag_Mean 412   0.025     0.068   -0.135  0.225 
Tav_Aug_lag_Mean 412   2.590     0.383    0.000  3.238 
Tav_Sep_lag_Mean 412   2.097     0.234    0.000  2.377 
Tav_Oct_lag_Mean 412   2.376     0.272    0.000  2.724 
Tav_Nov_lag_Mean 412   3.111     0.330    0.000  3.306 
Tav_Dec_lag_Mean 412   2.531     0.287    0.000  2.825 
Pre_Aug_lag_Mean 412  -7.652     7.951   -40.254 9.140 
Pre_Sep_lag_Mean 412  10.098     4.081   -8.806  22.884
Pre_Oct_lag_Mean 412   6.968     5.560   -14.162 20.268
Pre_Nov_lag_Mean 412  18.896     5.865    0.000  34.384
Pre_Dec_lag_Mean 412  19.510     7.601    0.000  39.930
year_Sd          412   0.000     0.000      0      0   
SMI_Jan_Sd       412   0.044     0.024   -0.027  0.101 
SMI_Feb_Sd       412   0.047     0.027   -0.036  0.097 
SMI_Mar_Sd       412  -0.027     0.027   -0.077  0.083 
SMI_Apr_Sd       412   0.023     0.015   -0.009  0.072 
SMI_May_Sd       412   0.037     0.022   -0.023  0.092 
SMI_Jun_Sd       412   0.032     0.025   -0.026  0.095 
SMI_Jul_Sd       412   0.041     0.027   -0.035  0.097 
SMI_Aug_Sd       412   0.046     0.019   -0.008  0.084 
SMI_Sep_Sd       412   0.047     0.033   -0.011  0.135 
SMI_Oct_Sd       412   0.024     0.028   -0.034  0.115 
SMI_Nov_Sd       412   0.047     0.030   -0.034  0.116 
SMI_Dec_Sd       412   0.043     0.025   -0.017  0.100 
Pre_Jan_Sd       412   5.690     2.432    0.000  14.644
Pre_Feb_Sd       412  -5.196     2.716   -18.557 1.629 
Pre_Mar_Sd       412  -2.162     3.673   -12.044 8.117 
Pre_Apr_Sd       412   9.157     5.089   -1.085  24.486
Pre_May_Sd       412   9.954     4.957   -4.716  22.399
Pre_Jun_Sd       412   7.550     5.115   -10.645 20.942
Pre_Jul_Sd       412   8.821     6.379   -9.184  21.624
Pre_Aug_Sd       412   5.403     6.375   -10.417 21.664
Pre_Sep_Sd       412   3.306     4.780   -18.459 18.289
Pre_Oct_Sd       412   4.989     4.449   -4.475  17.329
Pre_Nov_Sd       412   5.334     5.569   -4.893  23.197
Pre_Dec_Sd       412  10.331     7.149   -3.115  27.620
Tav_Jan_Sd       412  -0.056     0.133   -0.321  0.249 
Tav_Feb_Sd       412  -0.677     0.103   -0.975  0.000 
Tav_Mar_Sd       412   0.051     0.188   -0.407  0.377 
Tav_Apr_Sd       412  -0.092     0.097   -0.298  0.209 
Tav_May_Sd       412   0.237     0.122   -0.030  0.488 
Tav_Jun_Sd       412   0.294     0.137    0.000  0.569 
Tav_Jul_Sd       412   0.137     0.172   -0.119  0.549 
Tav_Aug_Sd       412  -0.164     0.107   -0.359  0.100 
Tav_Sep_Sd       412   0.434     0.102    0.000  0.628 
Tav_Oct_Sd       412  -0.177     0.072   -0.327  0.000 
Tav_Nov_Sd       412  -0.392     0.208   -0.931  0.000 
Tav_Dec_Sd       412  -0.373     0.218   -0.733  0.119 
SMI_Aug_lag_Sd   412   0.038     0.020   -0.022  0.078 
SMI_Sep_lag_Sd   412   0.044     0.033   -0.025  0.127 
SMI_Oct_lag_Sd   412   0.017     0.028   -0.040  0.107 
SMI_Nov_lag_Sd   412   0.036     0.030   -0.046  0.108 
SMI_Dec_lag_Sd   412   0.034     0.024   -0.029  0.081 
Tav_Aug_lag_Sd   412  -0.245     0.071   -0.391  0.000 
Tav_Sep_lag_Sd   412   0.416     0.095    0.000  0.617 
Tav_Oct_lag_Sd   412  -0.270     0.099   -0.504  0.000 
Tav_Nov_lag_Sd   412  -0.461     0.181   -0.956  0.000 
Tav_Dec_lag_Sd   412  -0.378     0.216   -0.712  0.102 
Pre_Aug_lag_Sd   412   3.845     5.323   -10.305 17.019
Pre_Sep_lag_Sd   412   4.731     4.558   -15.360 19.937
Pre_Oct_lag_Sd   412   4.868     4.269   -4.073  15.607
Pre_Nov_lag_Sd   412   4.737     6.859   -8.336  24.160
Pre_Dec_lag_Sd   412  10.119     6.996   -2.689  27.863
comId            412 8,407.973 3,791.133  1,001  16,077
-------------------------------------------------------
