
Descriptive statistics
============================================================
Statistic         N    Mean    St. Dev.     Min       Max   
------------------------------------------------------------
comId            412 8,407.973 3,791.133   1,001    16,077  
year_Mean        412 2,035.500   0.000   2,035.500 2,035.500
SMI_Jan_Mean     412   0.534     0.057     0.000     0.615  
SMI_Feb_Mean     412   0.531     0.056     0.000     0.611  
SMI_Mar_Mean     412   0.483     0.052     0.000     0.554  
SMI_Apr_Mean     412   0.438     0.048     0.000     0.501  
SMI_May_Mean     412   0.474     0.060     0.000     0.542  
SMI_Jun_Mean     412   0.495     0.063     0.000     0.558  
SMI_Jul_Mean     412   0.544     0.059     0.000     0.606  
SMI_Aug_Mean     412   0.521     0.054     0.000     0.570  
SMI_Sep_Mean     412   0.565     0.060     0.000     0.645  
SMI_Oct_Mean     412   0.575     0.062     0.000     0.641  
SMI_Nov_Mean     412   0.527     0.058     0.000     0.611  
SMI_Dec_Mean     412   0.538     0.060     0.000     0.636  
Pre_Jan_Mean     412  96.019    20.643     0.000    198.310 
Pre_Feb_Mean     412  83.229    17.680     0.000    179.354 
Pre_Mar_Mean     412  68.522    16.690     0.000    165.831 
Pre_Apr_Mean     412  76.583    18.844     0.000    184.513 
Pre_May_Mean     412  93.045    20.866     0.000    216.931 
Pre_Jun_Mean     412  98.184    18.594     0.000    195.937 
Pre_Jul_Mean     412  102.058   16.830     0.000    184.651 
Pre_Aug_Mean     412  100.800   16.649     0.000    183.051 
Pre_Sep_Mean     412  105.803   18.891     0.000    205.066 
Pre_Oct_Mean     412  94.970    18.145     0.000    191.341 
Pre_Nov_Mean     412  97.184    19.642     0.000    192.525 
Pre_Dec_Mean     412  102.376   21.839     0.000    213.721 
Tav_Jan_Mean     412   2.398     0.829     0.000     4.173  
Tav_Feb_Mean     412   3.471     0.778     0.000     5.026  
Tav_Mar_Mean     412   5.309     0.798     0.000     6.602  
Tav_Apr_Mean     412   9.143     1.097     0.000    10.397  
Tav_May_Mean     412  12.822     1.413     0.000    14.053  
Tav_Jun_Mean     412  15.117     1.603     0.000    16.552  
Tav_Jul_Mean     412  16.591     1.737     0.000    18.131  
Tav_Aug_Mean     412  16.221     1.690     0.000    17.631  
Tav_Sep_Mean     412  13.531     1.435     0.000    14.676  
Tav_Oct_Mean     412  10.329     1.142     0.000    11.815  
Tav_Nov_Mean     412   6.354     0.923     0.000     8.376  
Tav_Dec_Mean     412   3.104     0.824     0.000     5.301  
SMI_Aug_lag_Mean 412   0.534     0.056     0.000     0.589  
SMI_Sep_lag_Mean 412   0.577     0.062     0.000     0.653  
SMI_Oct_lag_Mean 412   0.570     0.061     0.000     0.642  
SMI_Nov_lag_Mean 412   0.518     0.057     0.000     0.608  
SMI_Dec_lag_Mean 412   0.526     0.058     0.000     0.616  
Tav_Aug_lag_Mean 412  16.151     1.683     0.000    17.544  
Tav_Sep_lag_Mean 412  13.469     1.429     0.000    14.618  
Tav_Oct_lag_Mean 412  10.294     1.142     0.000    11.833  
Tav_Nov_lag_Mean 412   6.171     0.915     0.000     8.230  
Tav_Dec_lag_Mean 412   3.067     0.832     0.000     5.290  
Pre_Aug_lag_Mean 412  101.558   16.829     0.000    188.264 
Pre_Sep_lag_Mean 412  105.492   18.952     0.000    203.968 
Pre_Oct_lag_Mean 412  91.566    17.151     0.000    182.029 
Pre_Nov_lag_Mean 412  95.575    19.176     0.000    188.480 
Pre_Dec_lag_Mean 412  102.419   21.634     0.000    212.096 
year_Sd          412   8.803     0.000     8.803     8.803  
SMI_Jan_Sd       412   0.266     0.029     0.000     0.300  
SMI_Feb_Sd       412   0.275     0.033     0.000     0.320  
SMI_Mar_Sd       412   0.283     0.031     0.000     0.325  
SMI_Apr_Sd       412   0.254     0.028     0.000     0.289  
SMI_May_Sd       412   0.240     0.029     0.000     0.291  
SMI_Jun_Sd       412   0.273     0.035     0.000     0.328  
SMI_Jul_Sd       412   0.281     0.034     0.000     0.329  
SMI_Aug_Sd       412   0.270     0.033     0.000     0.318  
SMI_Sep_Sd       412   0.266     0.032     0.000     0.307  
SMI_Oct_Sd       412   0.264     0.030     0.000     0.312  
SMI_Nov_Sd       412   0.260     0.029     0.000     0.294  
SMI_Dec_Sd       412   0.269     0.030     0.000     0.310  
Pre_Jan_Sd       412  33.138     7.573     0.000    67.959  
Pre_Feb_Sd       412  33.564     7.405     0.000    68.719  
Pre_Mar_Sd       412  29.374     8.468     0.000    67.004  
Pre_Apr_Sd       412  29.364     6.480     0.000    61.189  
Pre_May_Sd       412  30.543     6.669     0.000    51.288  
Pre_Jun_Sd       412  32.702     8.254     0.000    65.145  
Pre_Jul_Sd       412  38.186     7.239     0.000    71.756  
Pre_Aug_Sd       412  30.450     6.442     0.000    51.588  
Pre_Sep_Sd       412  37.663    10.843     0.000    88.643  
Pre_Oct_Sd       412  35.771     8.796     0.000    78.208  
Pre_Nov_Sd       412  37.126     8.405     0.000    74.137  
Pre_Dec_Sd       412  35.027    10.287     0.000    90.933  
Tav_Jan_Sd       412   2.006     0.246     0.000     2.380  
Tav_Feb_Sd       412   2.115     0.255     0.000     2.469  
Tav_Mar_Sd       412   1.714     0.195     0.000     2.002  
Tav_Apr_Sd       412   1.013     0.106     0.000     1.098  
Tav_May_Sd       412   1.119     0.122     0.000     1.241  
Tav_Jun_Sd       412   1.264     0.174     0.000     1.574  
Tav_Jul_Sd       412   1.108     0.190     0.000     1.422  
Tav_Aug_Sd       412   0.897     0.110     0.000     1.034  
Tav_Sep_Sd       412   0.994     0.157     0.000     1.313  
Tav_Oct_Sd       412   1.289     0.194     0.000     1.649  
Tav_Nov_Sd       412   1.644     0.201     0.000     1.945  
Tav_Dec_Sd       412   1.787     0.331     0.000     2.445  
SMI_Aug_lag_Sd   412   0.265     0.032     0.000     0.307  
SMI_Sep_lag_Sd   412   0.262     0.031     0.000     0.304  
SMI_Oct_lag_Sd   412   0.268     0.030     0.000     0.320  
SMI_Nov_lag_Sd   412   0.267     0.030     0.000     0.302  
SMI_Dec_lag_Sd   412   0.276     0.031     0.000     0.316  
Tav_Aug_lag_Sd   412   0.878     0.111     0.000     1.027  
Tav_Sep_lag_Sd   412   0.976     0.169     0.000     1.320  
Tav_Oct_lag_Sd   412   1.308     0.201     0.000     1.680  
Tav_Nov_lag_Sd   412   1.697     0.211     0.000     1.997  
Tav_Dec_lag_Sd   412   1.808     0.328     0.000     2.458  
Pre_Aug_lag_Sd   412  30.757     6.495     0.000    52.995  
Pre_Sep_lag_Sd   412  38.189    10.634     0.000    89.232  
Pre_Oct_lag_Sd   412  37.562     9.106     0.000    82.095  
Pre_Nov_lag_Sd   412  37.568     8.284     0.000    71.950  
Pre_Dec_lag_Sd   412  35.003    10.188     0.000    89.476  
------------------------------------------------------------
