
Descriptive statistics
============================================================
Statistic         N    Mean    St. Dev.     Min       Max   
------------------------------------------------------------
comId            412 8,407.973 3,791.133   1,001    16,077  
year_Mean        412 2,084.500   0.000   2,084.500 2,084.500
SMI_Jan_Mean     412   0.496     0.060     0.000     0.637  
SMI_Feb_Mean     412   0.493     0.060     0.000     0.622  
SMI_Mar_Mean     412   0.480     0.056     0.000     0.572  
SMI_Apr_Mean     412   0.519     0.056     0.000     0.580  
SMI_May_Mean     412   0.506     0.053     0.000     0.546  
SMI_Jun_Mean     412   0.439     0.051     0.000     0.516  
SMI_Jul_Mean     412   0.380     0.053     0.000     0.516  
SMI_Aug_Mean     412   0.378     0.055     0.000     0.576  
SMI_Sep_Mean     412   0.358     0.049     0.000     0.505  
SMI_Oct_Mean     412   0.402     0.051     0.000     0.525  
SMI_Nov_Mean     412   0.430     0.055     0.000     0.555  
SMI_Dec_Mean     412   0.462     0.060     0.000     0.582  
Pre_Jan_Mean     412  98.271    29.643     0.000    248.403 
Pre_Feb_Mean     412  77.924    20.651     0.000    195.853 
Pre_Mar_Mean     412  74.930    18.197     0.000    173.316 
Pre_Apr_Mean     412  76.656    20.301     0.000    185.464 
Pre_May_Mean     412  81.300    17.726     0.000    159.113 
Pre_Jun_Mean     412  78.938    17.222     0.000    167.705 
Pre_Jul_Mean     412  86.732    17.616     0.000    170.944 
Pre_Aug_Mean     412  74.972    17.809     0.000    154.369 
Pre_Sep_Mean     412  79.892    22.486     0.000    187.118 
Pre_Oct_Mean     412  75.204    21.262     0.000    167.119 
Pre_Nov_Mean     412  102.451   28.502     0.000    244.840 
Pre_Dec_Mean     412  99.155    27.873     0.000    236.729 
Tav_Jan_Mean     412   3.997     0.913     0.000     5.830  
Tav_Feb_Mean     412   4.261     0.837     0.000     6.076  
Tav_Mar_Mean     412   6.215     0.913     0.000     8.075  
Tav_Apr_Mean     412  10.262     1.238     0.000    12.090  
Tav_May_Mean     412  14.567     1.645     0.000    16.516  
Tav_Jun_Mean     412  17.807     1.983     0.000    20.179  
Tav_Jul_Mean     412  19.622     2.153     0.000    22.132  
Tav_Aug_Mean     412  19.344     2.075     0.000    21.750  
Tav_Sep_Mean     412  16.404     1.743     0.000    18.522  
Tav_Oct_Mean     412  12.565     1.359     0.000    14.322  
Tav_Nov_Mean     412   8.267     1.058     0.000    10.192  
Tav_Dec_Mean     412   5.420     1.035     0.000     7.706  
SMI_Aug_lag_Mean 412   0.391     0.057     0.000     0.589  
SMI_Sep_lag_Mean 412   0.370     0.050     0.000     0.522  
SMI_Oct_lag_Mean 412   0.411     0.051     0.000     0.530  
SMI_Nov_lag_Mean 412   0.433     0.054     0.000     0.552  
SMI_Dec_lag_Mean 412   0.463     0.058     0.000     0.575  
Tav_Aug_lag_Mean 412  19.233     2.056     0.000    21.597  
Tav_Sep_lag_Mean 412  16.339     1.733     0.000    18.417  
Tav_Oct_lag_Mean 412  12.569     1.357     0.000    14.311  
Tav_Nov_lag_Mean 412   8.295     1.062     0.000    10.237  
Tav_Dec_lag_Mean 412   5.330     1.039     0.000     7.666  
Pre_Aug_lag_Mean 412  76.006    17.961     0.000    157.144 
Pre_Sep_lag_Mean 412  79.636    22.398     0.000    186.691 
Pre_Oct_lag_Mean 412  73.035    20.536     0.000    165.177 
Pre_Nov_lag_Mean 412  100.153   27.502     0.000    239.462 
Pre_Dec_lag_Mean 412  99.149    27.848     0.000    236.301 
year_Sd          412   8.803     0.000     8.803     8.803  
SMI_Jan_Sd       412   0.278     0.031     0.000     0.330  
SMI_Feb_Sd       412   0.280     0.033     0.000     0.328  
SMI_Mar_Sd       412   0.271     0.033     0.000     0.333  
SMI_Apr_Sd       412   0.289     0.032     0.000     0.325  
SMI_May_Sd       412   0.312     0.034     0.000     0.349  
SMI_Jun_Sd       412   0.287     0.035     0.000     0.353  
SMI_Jul_Sd       412   0.267     0.031     0.000     0.315  
SMI_Aug_Sd       412   0.285     0.034     0.000     0.355  
SMI_Sep_Sd       412   0.279     0.034     0.000     0.332  
SMI_Oct_Sd       412   0.268     0.031     0.000     0.312  
SMI_Nov_Sd       412   0.264     0.031     0.000     0.314  
SMI_Dec_Sd       412   0.269     0.032     0.000     0.340  
Pre_Jan_Sd       412  34.752    11.977     0.000    94.314  
Pre_Feb_Sd       412  31.303     9.104     0.000    89.256  
Pre_Mar_Sd       412  29.023     8.378     0.000    68.247  
Pre_Apr_Sd       412  38.501    11.327     0.000    98.533  
Pre_May_Sd       412  36.452     7.349     0.000    67.546  
Pre_Jun_Sd       412  33.229     8.843     0.000    71.549  
Pre_Jul_Sd       412  39.296     7.982     0.000    72.637  
Pre_Aug_Sd       412  35.618     8.270     0.000    70.656  
Pre_Sep_Sd       412  39.860    12.430     0.000    113.980 
Pre_Oct_Sd       412  43.471    15.184     0.000    113.651 
Pre_Nov_Sd       412  40.858    13.981     0.000    122.938 
Pre_Dec_Sd       412  43.818    14.886     0.000    128.530 
Tav_Jan_Sd       412   1.792     0.231     0.000     2.218  
Tav_Feb_Sd       412   1.567     0.255     0.000     2.120  
Tav_Mar_Sd       412   1.869     0.308     0.000     2.548  
Tav_Apr_Sd       412   1.979     0.270     0.000     2.324  
Tav_May_Sd       412   2.079     0.322     0.000     2.565  
Tav_Jun_Sd       412   1.470     0.272     0.000     1.916  
Tav_Jul_Sd       412   1.457     0.302     0.000     2.036  
Tav_Aug_Sd       412   1.300     0.229     0.000     1.641  
Tav_Sep_Sd       412   1.719     0.292     0.000     2.118  
Tav_Oct_Sd       412   1.449     0.246     0.000     1.991  
Tav_Nov_Sd       412   1.275     0.168     0.000     1.592  
Tav_Dec_Sd       412   1.338     0.191     0.000     1.703  
SMI_Aug_lag_Sd   412   0.279     0.034     0.000     0.347  
SMI_Sep_lag_Sd   412   0.275     0.032     0.000     0.332  
SMI_Oct_lag_Sd   412   0.263     0.030     0.000     0.306  
SMI_Nov_lag_Sd   412   0.265     0.031     0.000     0.318  
SMI_Dec_lag_Sd   412   0.271     0.032     0.000     0.333  
Tav_Aug_lag_Sd   412   1.239     0.195     0.000     1.495  
Tav_Sep_lag_Sd   412   1.724     0.290     0.000     2.122  
Tav_Oct_lag_Sd   412   1.450     0.248     0.000     1.992  
Tav_Nov_lag_Sd   412   1.285     0.169     0.000     1.594  
Tav_Dec_lag_Sd   412   1.319     0.191     0.000     1.754  
Pre_Aug_lag_Sd   412  35.327     8.382     0.000    70.359  
Pre_Sep_lag_Sd   412  39.926    12.514     0.000    113.830 
Pre_Oct_lag_Sd   412  42.463    14.454     0.000    110.603 
Pre_Nov_lag_Sd   412  39.891    13.992     0.000    124.631 
Pre_Dec_lag_Sd   412  43.916    14.915     0.000    128.576 
------------------------------------------------------------
