
Descriptive statistics
=======================================================
Statistic         N    Mean    St. Dev.    Min    Max  
-------------------------------------------------------
SMI_Jan_Mean     412   0.074     0.031   -0.005  0.142 
SMI_Feb_Mean     412   0.091     0.039   -0.016  0.166 
SMI_Mar_Mean     412   0.028     0.048   -0.079  0.159 
SMI_Apr_Mean     412   0.031     0.025   -0.041  0.098 
SMI_May_Mean     412   0.101     0.038   -0.011  0.201 
SMI_Jun_Mean     412   0.069     0.046   -0.042  0.193 
SMI_Jul_Mean     412   0.039     0.035   -0.086  0.121 
SMI_Aug_Mean     412  -0.002     0.042   -0.134  0.127 
SMI_Sep_Mean     412   0.021     0.034   -0.065  0.173 
SMI_Oct_Mean     412   0.012     0.038   -0.084  0.115 
SMI_Nov_Mean     412   0.036     0.037   -0.073  0.131 
SMI_Dec_Mean     412   0.080     0.033   -0.018  0.178 
Pre_Jan_Mean     412  10.325     8.394   -9.262  33.413
Pre_Feb_Mean     412   5.035     4.572   -3.829  32.475
Pre_Mar_Mean     412   2.895     6.904   -16.492 17.814
Pre_Apr_Mean     412   5.332     4.749   -3.886  31.986
Pre_May_Mean     412   9.681     5.635   -5.542  26.534
Pre_Jun_Mean     412   2.492     5.724   -16.037 22.440
Pre_Jul_Mean     412  -0.514     6.679   -22.854 14.543
Pre_Aug_Mean     412  -1.622     5.215   -22.092 17.388
Pre_Sep_Mean     412   3.464     5.508   -10.073 28.266
Pre_Oct_Mean     412   0.610     5.603   -21.905 11.647
Pre_Nov_Mean     412  16.046     8.035   -1.565  54.900
Pre_Dec_Mean     412   7.610     4.527   -7.527  39.152
Tav_Jan_Mean     412   0.683     0.158    0.000  0.923 
Tav_Feb_Mean     412   1.036     0.143    0.000  1.352 
Tav_Mar_Mean     412   0.862     0.164    0.000  1.226 
Tav_Apr_Mean     412   0.166     0.088   -0.007  0.641 
Tav_May_Mean     412  -0.249     0.163   -0.513  0.530 
Tav_Jun_Mean     412   0.652     0.092    0.000  0.872 
Tav_Jul_Mean     412   0.413     0.133    0.000  0.724 
Tav_Aug_Mean     412   0.968     0.159    0.000  1.270 
Tav_Sep_Mean     412   0.689     0.120    0.000  0.948 
Tav_Oct_Mean     412   1.349     0.183    0.000  1.609 
Tav_Nov_Mean     412   0.939     0.155    0.000  1.156 
Tav_Dec_Mean     412  -0.245     0.119   -0.458  0.238 
SMI_Aug_lag_Mean 412   0.005     0.037   -0.120  0.124 
SMI_Sep_lag_Mean 412   0.013     0.033   -0.068  0.160 
SMI_Oct_lag_Mean 412   0.006     0.037   -0.088  0.100 
SMI_Nov_lag_Mean 412   0.033     0.038   -0.075  0.117 
SMI_Dec_lag_Mean 412   0.064     0.034   -0.035  0.154 
Tav_Aug_lag_Mean 412   0.998     0.191    0.000  1.377 
Tav_Sep_lag_Mean 412   0.487     0.104    0.000  0.766 
Tav_Oct_lag_Mean 412   1.323     0.170    0.000  1.547 
Tav_Nov_lag_Mean 412   0.845     0.158    0.000  1.077 
Tav_Dec_lag_Mean 412  -0.338     0.121   -0.538  0.142 
Pre_Aug_lag_Mean 412  -5.016     5.519   -31.979 10.773
Pre_Sep_lag_Mean 412   2.265     4.795   -11.309 23.089
Pre_Oct_lag_Mean 412   0.744     5.834   -21.272 12.487
Pre_Nov_lag_Mean 412  15.459     7.795    0.000  52.923
Pre_Dec_lag_Mean 412   3.491     4.501   -15.756 31.570
year_Sd          412   0.000     0.000      0      0   
SMI_Jan_Sd       412  -0.022     0.025   -0.073  0.050 
SMI_Feb_Sd       412  -0.011     0.027   -0.069  0.051 
SMI_Mar_Sd       412  -0.027     0.022   -0.072  0.031 
SMI_Apr_Sd       412  -0.009     0.035   -0.089  0.074 
SMI_May_Sd       412   0.015     0.022   -0.046  0.070 
SMI_Jun_Sd       412   0.014     0.034   -0.101  0.085 
SMI_Jul_Sd       412   0.009     0.042   -0.086  0.109 
SMI_Aug_Sd       412  -0.024     0.040   -0.120  0.082 
SMI_Sep_Sd       412  -0.005     0.020   -0.072  0.039 
SMI_Oct_Sd       412   0.001     0.023   -0.086  0.055 
SMI_Nov_Sd       412  -0.001     0.026   -0.073  0.066 
SMI_Dec_Sd       412  -0.009     0.031   -0.068  0.070 
Pre_Jan_Sd       412   7.142     7.158   -6.060  27.932
Pre_Feb_Sd       412   5.481     7.544   -15.479 36.323
Pre_Mar_Sd       412   2.110     7.034   -14.283 18.512
Pre_Apr_Sd       412   1.500     4.986   -9.832  19.191
Pre_May_Sd       412   2.674     4.385   -9.643  19.002
Pre_Jun_Sd       412   4.826     6.877   -9.067  21.225
Pre_Jul_Sd       412  -1.866     7.448   -20.850 16.973
Pre_Aug_Sd       412   1.108     6.648   -17.500 17.009
Pre_Sep_Sd       412  -5.349     6.904   -26.716 12.346
Pre_Oct_Sd       412   5.195     4.916   -11.780 20.744
Pre_Nov_Sd       412   4.882     5.195   -11.547 19.677
Pre_Dec_Sd       412  -8.809     9.077   -45.548 9.887 
Tav_Jan_Sd       412  -0.125     0.143   -0.392  0.185 
Tav_Feb_Sd       412   0.152     0.102   -0.144  0.384 
Tav_Mar_Sd       412  -0.364     0.188   -0.946  0.016 
Tav_Apr_Sd       412  -0.224     0.080   -0.408  0.015 
Tav_May_Sd       412  -0.168     0.075   -0.356  0.090 
Tav_Jun_Sd       412  -0.187     0.082   -0.407  0.086 
Tav_Jul_Sd       412   0.110     0.138   -0.166  0.340 
Tav_Aug_Sd       412   0.229     0.068   -0.050  0.383 
Tav_Sep_Sd       412  -0.080     0.139   -0.353  0.225 
Tav_Oct_Sd       412   0.072     0.117   -0.166  0.333 
Tav_Nov_Sd       412  -0.261     0.099   -0.543  0.000 
Tav_Dec_Sd       412  -0.183     0.137   -0.500  0.192 
SMI_Aug_lag_Sd   412  -0.022     0.040   -0.121  0.072 
SMI_Sep_lag_Sd   412  -0.008     0.020   -0.078  0.039 
SMI_Oct_lag_Sd   412   0.002     0.022   -0.071  0.056 
SMI_Nov_lag_Sd   412  -0.001     0.027   -0.061  0.059 
SMI_Dec_lag_Sd   412  -0.012     0.032   -0.074  0.058 
Tav_Aug_lag_Sd   412   0.190     0.076   -0.061  0.327 
Tav_Sep_lag_Sd   412  -0.013     0.153   -0.288  0.290 
Tav_Oct_lag_Sd   412   0.047     0.105   -0.189  0.227 
Tav_Nov_lag_Sd   412  -0.222     0.081   -0.459  0.000 
Tav_Dec_lag_Sd   412  -0.113     0.143   -0.444  0.244 
Pre_Aug_lag_Sd   412  -1.978     6.596   -21.219 11.265
Pre_Sep_lag_Sd   412  -4.819     7.026   -26.841 13.792
Pre_Oct_lag_Sd   412   5.242     4.860   -9.845  23.182
Pre_Nov_lag_Sd   412   5.460     5.399   -6.537  20.073
Pre_Dec_lag_Sd   412  -6.789     8.787   -39.958 12.582
comId            412 8,407.973 3,791.133  1,001  16,077
-------------------------------------------------------
