
Descriptive statistics
============================================================
Statistic         N    Mean    St. Dev.     Min       Max   
------------------------------------------------------------
comId            412 8,407.973 3,791.133   1,001    16,077  
year_Mean        412 1,985.500   0.000   1,985.500 1,985.500
SMI_Jan_Mean     412   0.440     0.063     0.000     0.546  
SMI_Feb_Mean     412   0.430     0.058     0.000     0.520  
SMI_Mar_Mean     412   0.461     0.058     0.000     0.542  
SMI_Apr_Mean     412   0.463     0.055     0.000     0.536  
SMI_May_Mean     412   0.485     0.060     0.000     0.561  
SMI_Jun_Mean     412   0.518     0.064     0.000     0.600  
SMI_Jul_Mean     412   0.531     0.068     0.000     0.613  
SMI_Aug_Mean     412   0.534     0.066     0.000     0.608  
SMI_Sep_Mean     412   0.514     0.064     0.000     0.584  
SMI_Oct_Mean     412   0.490     0.063     0.000     0.573  
SMI_Nov_Mean     412   0.507     0.069     0.000     0.596  
SMI_Dec_Mean     412   0.475     0.062     0.000     0.568  
Pre_Jan_Mean     412  76.658    16.735     0.000    137.199 
Pre_Feb_Mean     412  76.055    16.184     0.000    139.838 
Pre_Mar_Mean     412  62.019    13.383     0.000    125.773 
Pre_Apr_Mean     412  62.472    13.500     0.000    120.864 
Pre_May_Mean     412  76.844    14.296     0.000    128.175 
Pre_Jun_Mean     412  79.159    14.721     0.000    128.305 
Pre_Jul_Mean     412  72.807    14.423     0.000    109.834 
Pre_Aug_Mean     412  75.839    14.312     0.000    123.367 
Pre_Sep_Mean     412  62.394    13.309     0.000    110.854 
Pre_Oct_Mean     412  76.844    18.502     0.000    134.547 
Pre_Nov_Mean     412  85.670    17.820     0.000    150.639 
Pre_Dec_Mean     412  83.587    19.497     0.000    150.001 
Tav_Jan_Mean     412   1.162     0.857    -1.074     3.103  
Tav_Feb_Mean     412   1.554     0.862    -0.542     3.560  
Tav_Mar_Mean     412   4.126     0.827     0.000     5.754  
Tav_Apr_Mean     412   8.181     1.060     0.000     9.530  
Tav_May_Mean     412  12.647     1.427     0.000    14.112  
Tav_Jun_Mean     412  15.277     1.649     0.000    16.865  
Tav_Jul_Mean     412  16.952     1.796     0.000    18.638  
Tav_Aug_Mean     412  16.095     1.701     0.000    17.678  
Tav_Sep_Mean     412  13.385     1.444     0.000    14.594  
Tav_Oct_Mean     412   9.554     1.118     0.000    11.003  
Tav_Nov_Mean     412   4.845     0.848     0.000     6.402  
Tav_Dec_Mean     412   2.727     0.937     0.000     4.744  
SMI_Aug_lag_Mean 412   0.548     0.067     0.000     0.618  
SMI_Sep_lag_Mean 412   0.531     0.067     0.000     0.600  
SMI_Oct_lag_Mean 412   0.502     0.064     0.000     0.581  
SMI_Nov_lag_Mean 412   0.507     0.067     0.000     0.590  
SMI_Dec_lag_Mean 412   0.478     0.062     0.000     0.566  
Tav_Aug_lag_Mean 412  16.065     1.698     0.000    17.648  
Tav_Sep_lag_Mean 412  13.427     1.447     0.000    14.631  
Tav_Oct_lag_Mean 412   9.476     1.109     0.000    10.922  
Tav_Nov_lag_Mean 412   4.789     0.845     0.000     6.352  
Tav_Dec_lag_Mean 412   2.784     0.955     0.000     4.823  
Pre_Aug_lag_Mean 412  77.062    14.549     0.000    125.270 
Pre_Sep_lag_Mean 412  63.497    13.742     0.000    112.819 
Pre_Oct_lag_Mean 412  75.234    17.655     0.000    132.565 
Pre_Nov_lag_Mean 412  83.397    17.062     0.000    144.864 
Pre_Dec_lag_Mean 412  84.165    19.641     0.000    151.101 
year_Sd          412   8.803     0.000     8.803     8.803  
SMI_Jan_Sd       412   0.273     0.031     0.000     0.311  
SMI_Feb_Sd       412   0.253     0.034     0.000     0.307  
SMI_Mar_Sd       412   0.272     0.033     0.000     0.317  
SMI_Apr_Sd       412   0.267     0.031     0.000     0.314  
SMI_May_Sd       412   0.269     0.031     0.000     0.312  
SMI_Jun_Sd       412   0.273     0.033     0.000     0.333  
SMI_Jul_Sd       412   0.249     0.031     0.000     0.321  
SMI_Aug_Sd       412   0.243     0.032     0.000     0.311  
SMI_Sep_Sd       412   0.249     0.031     0.000     0.297  
SMI_Oct_Sd       412   0.256     0.030     0.000     0.311  
SMI_Nov_Sd       412   0.257     0.030     0.000     0.302  
SMI_Dec_Sd       412   0.262     0.029     0.000     0.301  
Pre_Jan_Sd       412  28.280     6.757     0.000    58.505  
Pre_Feb_Sd       412  35.845     9.032     0.000    71.193  
Pre_Mar_Sd       412  28.590     6.556     0.000    58.612  
Pre_Apr_Sd       412  23.319     5.002     0.000    38.377  
Pre_May_Sd       412  31.751     6.312     0.000    53.769  
Pre_Jun_Sd       412  30.310     5.127     0.000    45.147  
Pre_Jul_Sd       412  34.825     6.410     0.000    52.930  
Pre_Aug_Sd       412  31.329     5.381     0.000    44.944  
Pre_Sep_Sd       412  30.076     6.332     0.000    53.372  
Pre_Oct_Sd       412  33.109     9.075     0.000    61.912  
Pre_Nov_Sd       412  34.221     8.602     0.000    65.602  
Pre_Dec_Sd       412  32.640     7.729     0.000    68.584  
Tav_Jan_Sd       412   2.199     0.255     0.000     2.536  
Tav_Feb_Sd       412   2.458     0.297     0.000     2.938  
Tav_Mar_Sd       412   1.819     0.233     0.000     2.197  
Tav_Apr_Sd       412   1.581     0.175     0.000     1.824  
Tav_May_Sd       412   1.613     0.178     0.000     1.802  
Tav_Jun_Sd       412   1.282     0.189     0.000     1.520  
Tav_Jul_Sd       412   1.378     0.173     0.000     1.620  
Tav_Aug_Sd       412   1.274     0.140     0.000     1.400  
Tav_Sep_Sd       412   1.140     0.178     0.000     1.507  
Tav_Oct_Sd       412   1.441     0.221     0.000     1.895  
Tav_Nov_Sd       412   2.104     0.245     0.000     2.496  
Tav_Dec_Sd       412   2.110     0.250     0.000     2.443  
SMI_Aug_lag_Sd   412   0.243     0.031     0.000     0.305  
SMI_Sep_lag_Sd   412   0.246     0.030     0.000     0.293  
SMI_Oct_lag_Sd   412   0.254     0.030     0.000     0.308  
SMI_Nov_lag_Sd   412   0.258     0.030     0.000     0.302  
SMI_Dec_lag_Sd   412   0.261     0.029     0.000     0.301  
Tav_Aug_lag_Sd   412   1.319     0.144     0.000     1.429  
Tav_Sep_lag_Sd   412   1.129     0.172     0.000     1.488  
Tav_Oct_lag_Sd   412   1.531     0.208     0.000     1.939  
Tav_Nov_lag_Sd   412   2.097     0.245     0.000     2.482  
Tav_Dec_lag_Sd   412   2.101     0.247     0.000     2.453  
Pre_Aug_lag_Sd   412  32.502     5.491     0.000    46.053  
Pre_Sep_lag_Sd   412  29.012     6.087     0.000    51.015  
Pre_Oct_lag_Sd   412  33.656     9.159     0.000    62.209  
Pre_Nov_lag_Sd   412  32.451     7.954     0.000    59.248  
Pre_Dec_lag_Sd   412  32.825     7.707     0.000    68.862  
------------------------------------------------------------
