
Descriptive statistics
============================================================
Statistic         N    Mean    St. Dev.     Min       Max   
------------------------------------------------------------
comId            412 8,407.973 3,791.133   1,001    16,077  
year_Mean        412 2,035.500   0.000   2,035.500 2,035.500
SMI_Jan_Mean     412   0.504     0.055     0.000     0.561  
SMI_Feb_Mean     412   0.499     0.054     0.000     0.552  
SMI_Mar_Mean     412   0.490     0.052     0.000     0.528  
SMI_Apr_Mean     412   0.468     0.049     0.000     0.509  
SMI_May_Mean     412   0.477     0.051     0.000     0.518  
SMI_Jun_Mean     412   0.463     0.050     0.000     0.521  
SMI_Jul_Mean     412   0.515     0.057     0.000     0.587  
SMI_Aug_Mean     412   0.507     0.056     0.000     0.569  
SMI_Sep_Mean     412   0.553     0.061     0.000     0.608  
SMI_Oct_Mean     412   0.551     0.060     0.000     0.597  
SMI_Nov_Mean     412   0.500     0.055     0.000     0.548  
SMI_Dec_Mean     412   0.496     0.055     0.000     0.548  
Pre_Jan_Mean     412  88.333    21.963     0.000    167.082 
Pre_Feb_Mean     412  74.038    16.591     0.000    136.198 
Pre_Mar_Mean     412  60.175    12.153     0.000    112.109 
Pre_Apr_Mean     412  67.528    13.412     0.000    122.558 
Pre_May_Mean     412  73.253    13.672     0.000    129.216 
Pre_Jun_Mean     412  74.713    13.917     0.000    121.741 
Pre_Jul_Mean     412  75.244    14.939     0.000    117.910 
Pre_Aug_Mean     412  75.399    14.162     0.000    124.900 
Pre_Sep_Mean     412  82.437    16.345     0.000    143.493 
Pre_Oct_Mean     412  70.757    15.565     0.000    120.777 
Pre_Nov_Mean     412  78.413    17.952     0.000    143.353 
Pre_Dec_Mean     412  99.421    21.579     0.000    192.994 
Tav_Jan_Mean     412   2.240     0.874    -0.063     4.278  
Tav_Feb_Mean     412   3.281     0.812     0.000     5.175  
Tav_Mar_Mean     412   4.688     0.797     0.000     6.183  
Tav_Apr_Mean     412   9.164     1.121     0.000    10.486  
Tav_May_Mean     412  13.240     1.460     0.000    14.667  
Tav_Jun_Mean     412  16.178     1.736     0.000    17.841  
Tav_Jul_Mean     412  17.592     1.866     0.000    19.395  
Tav_Aug_Mean     412  17.172     1.803     0.000    18.819  
Tav_Sep_Mean     412  13.939     1.485     0.000    15.289  
Tav_Oct_Mean     412  10.234     1.152     0.000    11.473  
Tav_Nov_Mean     412   5.985     0.953     0.000     7.612  
Tav_Dec_Mean     412   2.905     0.871     0.000     4.738  
SMI_Aug_lag_Mean 412   0.521     0.057     0.000     0.577  
SMI_Sep_lag_Mean 412   0.567     0.063     0.000     0.624  
SMI_Oct_lag_Mean 412   0.554     0.060     0.000     0.604  
SMI_Nov_lag_Mean 412   0.498     0.054     0.000     0.550  
SMI_Dec_lag_Mean 412   0.492     0.054     0.000     0.545  
Tav_Aug_lag_Mean 412  17.058     1.791     0.000    18.689  
Tav_Sep_lag_Mean 412  13.954     1.484     0.000    15.303  
Tav_Oct_lag_Mean 412  10.205     1.152     0.000    11.439  
Tav_Nov_lag_Mean 412   5.793     0.949     0.000     7.443  
Tav_Dec_lag_Mean 412   2.876     0.885     0.000     4.736  
Pre_Aug_lag_Mean 412  78.088    14.146     0.000    124.964 
Pre_Sep_lag_Mean 412  82.604    16.127     0.000    140.841 
Pre_Oct_lag_Mean 412  67.831    14.750     0.000    114.707 
Pre_Nov_lag_Mean 412  77.589    17.389     0.000    142.246 
Pre_Dec_lag_Mean 412  99.395    21.280     0.000    191.922 
year_Sd          412   8.803     0.000     8.803     8.803  
SMI_Jan_Sd       412   0.260     0.034     0.000     0.331  
SMI_Feb_Sd       412   0.258     0.033     0.000     0.332  
SMI_Mar_Sd       412   0.271     0.034     0.000     0.326  
SMI_Apr_Sd       412   0.259     0.032     0.000     0.320  
SMI_May_Sd       412   0.257     0.030     0.000     0.303  
SMI_Jun_Sd       412   0.249     0.031     0.000     0.301  
SMI_Jul_Sd       412   0.266     0.033     0.000     0.314  
SMI_Aug_Sd       412   0.264     0.032     0.000     0.315  
SMI_Sep_Sd       412   0.252     0.032     0.000     0.316  
SMI_Oct_Sd       412   0.256     0.034     0.000     0.315  
SMI_Nov_Sd       412   0.261     0.036     0.000     0.324  
SMI_Dec_Sd       412   0.272     0.034     0.000     0.331  
Pre_Jan_Sd       412  32.106     8.068     0.000    68.069  
Pre_Feb_Sd       412  30.235     8.278     0.000    66.873  
Pre_Mar_Sd       412  28.909     6.957     0.000    51.605  
Pre_Apr_Sd       412  31.165     5.796     0.000    50.245  
Pre_May_Sd       412  31.955     6.843     0.000    50.248  
Pre_Jun_Sd       412  29.805     7.782     0.000    71.690  
Pre_Jul_Sd       412  40.738     7.991     0.000    56.606  
Pre_Aug_Sd       412  30.946     6.333     0.000    49.847  
Pre_Sep_Sd       412  35.464     8.635     0.000    64.644  
Pre_Oct_Sd       412  32.339     6.609     0.000    54.061  
Pre_Nov_Sd       412  34.835     8.353     0.000    61.069  
Pre_Dec_Sd       412  37.053    10.811     0.000    89.698  
Tav_Jan_Sd       412   2.066     0.219     0.000     2.314  
Tav_Feb_Sd       412   2.251     0.263     0.000     2.549  
Tav_Mar_Sd       412   1.930     0.238     0.000     2.371  
Tav_Apr_Sd       412   1.326     0.145     0.000     1.582  
Tav_May_Sd       412   1.279     0.166     0.000     1.594  
Tav_Jun_Sd       412   1.269     0.160     0.000     1.571  
Tav_Jul_Sd       412   1.540     0.220     0.000     1.875  
Tav_Aug_Sd       412   1.120     0.136     0.000     1.298  
Tav_Sep_Sd       412   1.084     0.167     0.000     1.439  
Tav_Oct_Sd       412   1.406     0.189     0.000     1.825  
Tav_Nov_Sd       412   2.014     0.249     0.000     2.323  
Tav_Dec_Sd       412   1.933     0.320     0.000     2.546  
SMI_Aug_lag_Sd   412   0.266     0.031     0.000     0.314  
SMI_Sep_lag_Sd   412   0.256     0.032     0.000     0.319  
SMI_Oct_lag_Sd   412   0.256     0.034     0.000     0.312  
SMI_Nov_lag_Sd   412   0.261     0.036     0.000     0.325  
SMI_Dec_lag_Sd   412   0.271     0.034     0.000     0.333  
Tav_Aug_lag_Sd   412   1.145     0.137     0.000     1.372  
Tav_Sep_lag_Sd   412   1.099     0.171     0.000     1.460  
Tav_Oct_lag_Sd   412   1.415     0.192     0.000     1.848  
Tav_Nov_lag_Sd   412   2.052     0.249     0.000     2.369  
Tav_Dec_lag_Sd   412   1.944     0.321     0.000     2.555  
Pre_Aug_lag_Sd   412  33.191     6.976     0.000    55.150  
Pre_Sep_lag_Sd   412  35.674     8.840     0.000    64.670  
Pre_Oct_lag_Sd   412  32.821     6.809     0.000    54.875  
Pre_Nov_lag_Sd   412  34.814     8.284     0.000    60.778  
Pre_Dec_lag_Sd   412  36.976    10.601     0.000    88.575  
------------------------------------------------------------
