
Descriptive statistics
=======================================================
Statistic         N    Mean    St. Dev.    Min    Max  
-------------------------------------------------------
SMI_Jan_Mean     412   0.107     0.041    0.000  0.216 
SMI_Feb_Mean     412   0.098     0.044   -0.012  0.228 
SMI_Mar_Mean     412   0.066     0.046   -0.027  0.218 
SMI_Apr_Mean     412   0.089     0.035    0.000  0.211 
SMI_May_Mean     412   0.063     0.031   -0.022  0.152 
SMI_Jun_Mean     412  -0.014     0.043   -0.141  0.108 
SMI_Jul_Mean     412  -0.102     0.052   -0.233  0.056 
SMI_Aug_Mean     412  -0.105     0.057   -0.241  0.060 
SMI_Sep_Mean     412  -0.097     0.054   -0.195  0.057 
SMI_Oct_Mean     412  -0.034     0.051   -0.140  0.116 
SMI_Nov_Mean     412  -0.024     0.053   -0.149  0.134 
SMI_Dec_Mean     412   0.038     0.048   -0.053  0.174 
Pre_Jan_Mean     412  23.634     7.132    0.000  49.233
Pre_Feb_Mean     412   5.291     2.898   -3.063  15.823
Pre_Mar_Mean     412  12.788     2.396    0.000  19.712
Pre_Apr_Mean     412  16.357     5.317    0.000  40.011
Pre_May_Mean     412   7.265     2.789   -1.914  14.668
Pre_Jun_Mean     412  -12.073    6.124   -29.278 1.651 
Pre_Jul_Mean     412  -3.172     5.096   -22.427 13.309
Pre_Aug_Mean     412  -8.113     5.108   -22.113 2.596 
Pre_Sep_Mean     412  11.836     2.997    0.000  20.871
Pre_Oct_Mean     412   6.209     5.543   -10.301 23.752
Pre_Nov_Mean     412  19.460     6.138    0.000  36.496
Pre_Dec_Mean     412  18.676     5.582    0.000  39.635
Tav_Jan_Mean     412   2.918     0.321    0.000  3.255 
Tav_Feb_Mean     412   2.717     0.320    0.000  3.128 
Tav_Mar_Mean     412   1.993     0.269    0.000  2.614 
Tav_Apr_Mean     412   1.726     0.213    0.000  2.433 
Tav_May_Mean     412   1.630     0.317    0.000  2.352 
Tav_Jun_Mean     412   2.261     0.360    0.000  2.939 
Tav_Jul_Mean     412   2.461     0.481    0.000  3.347 
Tav_Aug_Mean     412   2.677     0.387    0.000  3.275 
Tav_Sep_Mean     412   2.085     0.251    0.000  2.418 
Tav_Oct_Mean     412   2.255     0.244    0.000  2.521 
Tav_Nov_Mean     412   2.956     0.324    0.000  3.336 
Tav_Dec_Mean     412   2.817     0.305    0.000  3.084 
SMI_Aug_lag_Mean 412  -0.092     0.058   -0.229  0.075 
SMI_Sep_lag_Mean 412  -0.091     0.056   -0.188  0.069 
SMI_Oct_lag_Mean 412  -0.027     0.051   -0.131  0.127 
SMI_Nov_lag_Mean 412  -0.013     0.053   -0.134  0.148 
SMI_Dec_lag_Mean 412   0.041     0.049   -0.059  0.184 
Tav_Aug_lag_Mean 412   2.592     0.369    0.000  3.178 
Tav_Sep_lag_Mean 412   1.996     0.229    0.000  2.320 
Tav_Oct_lag_Mean 412   2.373     0.260    0.000  2.648 
Tav_Nov_lag_Mean 412   3.063     0.334    0.000  3.415 
Tav_Dec_lag_Mean 412   2.663     0.294    0.000  2.963 
Pre_Aug_lag_Mean 412  -8.003     5.031   -23.680 2.813 
Pre_Sep_lag_Mean 412  10.831     3.287    0.000  20.634
Pre_Oct_lag_Mean 412   5.376     4.895   -9.590  20.176
Pre_Nov_lag_Mean 412  19.151     5.836    0.000  35.593
Pre_Dec_lag_Mean 412  17.606     5.455    0.000  38.010
year_Sd          412   0.000     0.000      0      0   
SMI_Jan_Sd       412   0.006     0.009   -0.033  0.030 
SMI_Feb_Sd       412   0.019     0.013   -0.031  0.050 
SMI_Mar_Sd       412  -0.015     0.013   -0.045  0.016 
SMI_Apr_Sd       412   0.012     0.012   -0.024  0.043 
SMI_May_Sd       412   0.030     0.011    0.000  0.060 
SMI_Jun_Sd       412   0.023     0.010    0.000  0.052 
SMI_Jul_Sd       412   0.025     0.013   -0.011  0.055 
SMI_Aug_Sd       412   0.036     0.013    0.000  0.071 
SMI_Sep_Sd       412   0.038     0.015   -0.007  0.068 
SMI_Oct_Sd       412   0.020     0.014   -0.026  0.058 
SMI_Nov_Sd       412   0.013     0.015   -0.022  0.053 
SMI_Dec_Sd       412   0.004     0.012   -0.029  0.038 
Pre_Jan_Sd       412   6.123     3.419    0.000  21.025
Pre_Feb_Sd       412  -1.050     2.332   -7.066  6.453 
Pre_Mar_Sd       412   0.306     2.536   -7.175  8.659 
Pre_Apr_Sd       412   9.052     4.436   -0.294  25.296
Pre_May_Sd       412   8.100     2.641   -2.444  17.136
Pre_Jun_Sd       412   4.528     2.665   -2.660  12.155
Pre_Jul_Sd       412   3.759     4.247   -11.445 15.043
Pre_Aug_Sd       412   3.324     4.450   -19.188 14.573
Pre_Sep_Sd       412   4.164     3.696   -6.893  21.956
Pre_Oct_Sd       412   8.537     3.947   -3.024  25.853
Pre_Nov_Sd       412   7.155     3.110    0.000  22.065
Pre_Dec_Sd       412   5.583     3.678   -0.981  21.826
Tav_Jan_Sd       412  -0.312     0.084   -0.498  0.000 
Tav_Feb_Sd       412  -0.475     0.085   -0.613  0.000 
Tav_Mar_Sd       412  -0.158     0.105   -0.405  0.106 
Tav_Apr_Sd       412  -0.204     0.085   -0.389  0.026 
Tav_May_Sd       412   0.246     0.136   -0.126  0.548 
Tav_Jun_Sd       412   0.180     0.098   -0.012  0.438 
Tav_Jul_Sd       412  -0.052     0.091   -0.209  0.224 
Tav_Aug_Sd       412  -0.157     0.082   -0.341  0.053 
Tav_Sep_Sd       412   0.266     0.089    0.000  0.463 
Tav_Oct_Sd       412  -0.102     0.028   -0.158  0.000 
Tav_Nov_Sd       412  -0.493     0.112   -0.733  0.000 
Tav_Dec_Sd       412  -0.488     0.204   -0.857  0.000 
SMI_Aug_lag_Sd   412   0.029     0.012   -0.007  0.062 
SMI_Sep_lag_Sd   412   0.035     0.015   -0.012  0.067 
SMI_Oct_lag_Sd   412   0.015     0.014   -0.030  0.051 
SMI_Nov_lag_Sd   412   0.010     0.014   -0.025  0.050 
SMI_Dec_lag_Sd   412   0.002     0.012   -0.029  0.036 
Tav_Aug_lag_Sd   412  -0.229     0.071   -0.403  0.000 
Tav_Sep_lag_Sd   412   0.268     0.097    0.000  0.473 
Tav_Oct_lag_Sd   412  -0.197     0.052   -0.301  0.000 
Tav_Nov_lag_Sd   412  -0.513     0.103   -0.735  0.000 
Tav_Dec_lag_Sd   412  -0.476     0.195   -0.811  0.000 
Pre_Aug_lag_Sd   412   2.130     4.333   -19.987 11.495
Pre_Sep_lag_Sd   412   5.030     3.540   -5.762  23.476
Pre_Oct_lag_Sd   412   7.489     3.197   -3.727  20.128
Pre_Nov_lag_Sd   412   6.015     3.501   -0.192  24.398
Pre_Dec_lag_Sd   412   5.719     3.569   -2.344  21.526
comId            412 8,407.973 3,791.133  1,001  16,077
-------------------------------------------------------
