
Descriptive statistics
============================================================
Statistic         N    Mean    St. Dev.     Min       Max   
------------------------------------------------------------
comId            412 8,407.973 3,791.133   1,001    16,077  
year_Mean        412 2,084.500   0.000   2,084.500 2,084.500
SMI_Jan_Mean     412   0.538     0.061     0.000     0.617  
SMI_Feb_Mean     412   0.539     0.061     0.000     0.626  
SMI_Mar_Mean     412   0.553     0.063     0.000     0.643  
SMI_Apr_Mean     412   0.589     0.062     0.000     0.657  
SMI_May_Mean     412   0.578     0.063     0.000     0.655  
SMI_Jun_Mean     412   0.489     0.063     0.000     0.586  
SMI_Jul_Mean     412   0.399     0.060     0.000     0.494  
SMI_Aug_Mean     412   0.409     0.058     0.000     0.504  
SMI_Sep_Mean     412   0.391     0.054     0.000     0.494  
SMI_Oct_Mean     412   0.427     0.058     0.000     0.521  
SMI_Nov_Mean     412   0.452     0.058     0.000     0.544  
SMI_Dec_Mean     412   0.474     0.059     0.000     0.569  
Pre_Jan_Mean     412  111.573   23.967     0.000    226.875 
Pre_Feb_Mean     412  86.883    18.443     0.000    186.169 
Pre_Mar_Mean     412  84.688    18.021     0.000    186.530 
Pre_Apr_Mean     412  91.596    21.099     0.000    213.006 
Pre_May_Mean     412  98.096    18.367     0.000    207.420 
Pre_Jun_Mean     412  81.854    13.485     0.000    137.319 
Pre_Jul_Mean     412  96.001    14.019     0.000    154.519 
Pre_Aug_Mean     412  90.812    15.639     0.000    156.156 
Pre_Sep_Mean     412  95.463    14.408     0.000    160.138 
Pre_Oct_Mean     412  100.664   16.298     0.000    170.972 
Pre_Nov_Mean     412  117.957   23.029     0.000    223.160 
Pre_Dec_Mean     412  111.341   21.398     0.000    206.928 
Tav_Jan_Mean     412   4.370     0.814     0.000     5.876  
Tav_Feb_Mean     412   4.565     0.778     0.000     5.961  
Tav_Mar_Mean     412   6.503     0.852     0.000     7.745  
Tav_Apr_Mean     412   9.979     1.141     0.000    11.198  
Tav_May_Mean     412  13.742     1.494     0.000    15.109  
Tav_Jun_Mean     412  16.866     1.807     0.000    18.565  
Tav_Jul_Mean     412  18.568     1.974     0.000    20.371  
Tav_Aug_Mean     412  17.954     1.873     0.000    19.575  
Tav_Sep_Mean     412  15.080     1.577     0.000    16.319  
Tav_Oct_Mean     412  11.736     1.285     0.000    13.263  
Tav_Nov_Mean     412   8.065     0.997     0.000     9.741  
Tav_Dec_Mean     412   5.544     0.909     0.000     7.414  
SMI_Aug_lag_Mean 412   0.427     0.061     0.000     0.531  
SMI_Sep_lag_Mean 412   0.410     0.057     0.000     0.520  
SMI_Oct_lag_Mean 412   0.448     0.060     0.000     0.545  
SMI_Nov_lag_Mean 412   0.470     0.061     0.000     0.572  
SMI_Dec_lag_Mean 412   0.491     0.062     0.000     0.595  
Tav_Aug_lag_Mean 412  17.824     1.855     0.000    19.393  
Tav_Sep_lag_Mean 412  15.032     1.573     0.000    16.230  
Tav_Oct_lag_Mean 412  11.743     1.285     0.000    13.259  
Tav_Nov_lag_Mean 412   8.097     1.001     0.000     9.786  
Tav_Dec_lag_Mean 412   5.439     0.908     0.000     7.353  
Pre_Aug_lag_Mean 412  92.860    15.807     0.000    158.838 
Pre_Sep_lag_Mean 412  95.638    14.398     0.000    157.725 
Pre_Oct_lag_Mean 412  100.238   16.010     0.000    167.070 
Pre_Nov_lag_Mean 412  115.887   22.506     0.000    219.859 
Pre_Dec_lag_Mean 412  111.346   21.365     0.000    206.817 
year_Sd          412   8.803     0.000     8.803     8.803  
SMI_Jan_Sd       412   0.288     0.034     0.000     0.331  
SMI_Feb_Sd       412   0.273     0.034     0.000     0.324  
SMI_Mar_Sd       412   0.236     0.028     0.000     0.301  
SMI_Apr_Sd       412   0.281     0.030     0.000     0.313  
SMI_May_Sd       412   0.311     0.035     0.000     0.351  
SMI_Jun_Sd       412   0.294     0.035     0.000     0.337  
SMI_Jul_Sd       412   0.287     0.031     0.000     0.321  
SMI_Aug_Sd       412   0.297     0.035     0.000     0.340  
SMI_Sep_Sd       412   0.285     0.033     0.000     0.343  
SMI_Oct_Sd       412   0.286     0.034     0.000     0.342  
SMI_Nov_Sd       412   0.289     0.037     0.000     0.336  
SMI_Dec_Sd       412   0.287     0.033     0.000     0.327  
Pre_Jan_Sd       412  34.064     7.428     0.000    69.852  
Pre_Feb_Sd       412  28.621     7.911     0.000    68.329  
Pre_Mar_Sd       412  27.683     6.899     0.000    60.633  
Pre_Apr_Sd       412  36.203     8.422     0.000    79.949  
Pre_May_Sd       412  40.255     7.077     0.000    83.339  
Pre_Jun_Sd       412  33.300     7.203     0.000    61.759  
Pre_Jul_Sd       412  45.068     7.641     0.000    70.247  
Pre_Aug_Sd       412  34.979     8.508     0.000    77.378  
Pre_Sep_Sd       412  37.105     6.583     0.000    61.364  
Pre_Oct_Sd       412  39.641    10.442     0.000    82.453  
Pre_Nov_Sd       412  42.195    12.083     0.000    95.127  
Pre_Dec_Sd       412  43.050    10.074     0.000    86.731  
Tav_Jan_Sd       412   1.898     0.243     0.000     2.284  
Tav_Feb_Sd       412   1.441     0.191     0.000     1.844  
Tav_Mar_Sd       412   1.543     0.219     0.000     2.007  
Tav_Apr_Sd       412   1.352     0.164     0.000     1.547  
Tav_May_Sd       412   1.494     0.197     0.000     1.774  
Tav_Jun_Sd       412   1.352     0.257     0.000     1.780  
Tav_Jul_Sd       412   1.238     0.238     0.000     1.763  
Tav_Aug_Sd       412   1.015     0.197     0.000     1.383  
Tav_Sep_Sd       412   1.397     0.224     0.000     1.703  
Tav_Oct_Sd       412   1.234     0.173     0.000     1.445  
Tav_Nov_Sd       412   1.370     0.178     0.000     1.621  
Tav_Dec_Sd       412   1.540     0.203     0.000     1.837  
SMI_Aug_lag_Sd   412   0.289     0.034     0.000     0.336  
SMI_Sep_lag_Sd   412   0.278     0.033     0.000     0.334  
SMI_Oct_lag_Sd   412   0.277     0.034     0.000     0.338  
SMI_Nov_lag_Sd   412   0.278     0.036     0.000     0.324  
SMI_Dec_lag_Sd   412   0.276     0.033     0.000     0.317  
Tav_Aug_lag_Sd   412   0.950     0.158     0.000     1.231  
Tav_Sep_lag_Sd   412   1.375     0.207     0.000     1.628  
Tav_Oct_lag_Sd   412   1.233     0.173     0.000     1.444  
Tav_Nov_lag_Sd   412   1.378     0.175     0.000     1.621  
Tav_Dec_lag_Sd   412   1.515     0.206     0.000     1.824  
Pre_Aug_lag_Sd   412  34.203     8.037     0.000    76.309  
Pre_Sep_lag_Sd   412  37.001     6.495     0.000    60.725  
Pre_Oct_lag_Sd   412  39.539    10.170     0.000    80.406  
Pre_Nov_lag_Sd   412  41.560    12.360     0.000    95.023  
Pre_Dec_lag_Sd   412  43.083    10.057     0.000    86.704  
------------------------------------------------------------
