
Descriptive statistics
============================================================
Statistic         N    Mean    St. Dev.     Min       Max   
------------------------------------------------------------
comId            412 8,407.973 3,791.133   1,001    16,077  
year_Mean        412 2,084.500   0.000   2,084.500 2,084.500
SMI_Jan_Mean     412   0.550     0.059     0.000     0.616  
SMI_Feb_Mean     412   0.540     0.059     0.000     0.615  
SMI_Mar_Mean     412   0.539     0.058     0.000     0.614  
SMI_Apr_Mean     412   0.559     0.058     0.000     0.625  
SMI_May_Mean     412   0.540     0.056     0.000     0.583  
SMI_Jun_Mean     412   0.484     0.054     0.000     0.548  
SMI_Jul_Mean     412   0.432     0.054     0.000     0.515  
SMI_Aug_Mean     412   0.435     0.054     0.000     0.530  
SMI_Sep_Mean     412   0.418     0.050     0.000     0.501  
SMI_Oct_Mean     412   0.451     0.052     0.000     0.531  
SMI_Nov_Mean     412   0.476     0.054     0.000     0.553  
SMI_Dec_Mean     412   0.502     0.056     0.000     0.575  
Pre_Jan_Mean     412  111.266   26.397     0.000    201.039 
Pre_Feb_Mean     412  88.144    19.432     0.000    159.508 
Pre_Mar_Mean     412  82.550    16.926     0.000    143.195 
Pre_Apr_Mean     412  86.720    18.515     0.000    152.690 
Pre_May_Mean     412  89.010    15.780     0.000    144.993 
Pre_Jun_Mean     412  79.871    12.908     0.000    116.538 
Pre_Jul_Mean     412  88.965    12.853     0.000    120.463 
Pre_Aug_Mean     412  83.419    13.130     0.000    122.695 
Pre_Sep_Mean     412  90.234    16.643     0.000    143.318 
Pre_Oct_Mean     412  95.247    18.903     0.000    157.255 
Pre_Nov_Mean     412  115.921   25.820     0.000    200.375 
Pre_Dec_Mean     412  112.996   26.251     0.000    203.668 
Tav_Jan_Mean     412   3.979     0.815     0.000     5.579  
Tav_Feb_Mean     412   4.151     0.775     0.000     5.629  
Tav_Mar_Mean     412   6.067     0.842     0.000     7.486  
Tav_Apr_Mean     412   9.823     1.139     0.000    11.215  
Tav_May_Mean     412  14.109     1.536     0.000    15.595  
Tav_Jun_Mean     412  17.331     1.871     0.000    19.187  
Tav_Jul_Mean     412  19.179     2.063     0.000    21.182  
Tav_Aug_Mean     412  18.573     1.953     0.000    20.402  
Tav_Sep_Mean     412  15.482     1.623     0.000    17.006  
Tav_Oct_Mean     412  11.899     1.282     0.000    13.198  
Tav_Nov_Mean     412   7.977     0.986     0.000     9.438  
Tav_Dec_Mean     412   5.422     0.910     0.000     7.105  
SMI_Aug_lag_Mean 412   0.452     0.057     0.000     0.549  
SMI_Sep_lag_Mean 412   0.436     0.053     0.000     0.520  
SMI_Oct_lag_Mean 412   0.468     0.054     0.000     0.549  
SMI_Nov_lag_Mean 412   0.486     0.056     0.000     0.565  
SMI_Dec_lag_Mean 412   0.509     0.057     0.000     0.586  
Tav_Aug_lag_Mean 412  18.461     1.938     0.000    20.262  
Tav_Sep_lag_Mean 412  15.419     1.616     0.000    16.912  
Tav_Oct_lag_Mean 412  11.923     1.283     0.000    13.217  
Tav_Nov_lag_Mean 412   7.998     0.990     0.000     9.476  
Tav_Dec_lag_Mean 412   5.306     0.911     0.000     7.032  
Pre_Aug_lag_Mean 412  84.810    13.337     0.000    123.922 
Pre_Sep_lag_Mean 412  90.728    16.676     0.000    142.954 
Pre_Oct_lag_Mean 412  93.355    18.371     0.000    151.714 
Pre_Nov_lag_Mean 412  113.591   25.026     0.000    198.216 
Pre_Dec_lag_Mean 412  113.318   26.275     0.000    204.642 
year_Sd          412   8.684     0.000     8.684     8.684  
SMI_Jan_Sd       412   0.270     0.028     0.000     0.297  
SMI_Feb_Sd       412   0.267     0.029     0.000     0.294  
SMI_Mar_Sd       412   0.253     0.026     0.000     0.277  
SMI_Apr_Sd       412   0.278     0.029     0.000     0.304  
SMI_May_Sd       412   0.295     0.030     0.000     0.318  
SMI_Jun_Sd       412   0.285     0.029     0.000     0.310  
SMI_Jul_Sd       412   0.279     0.029     0.000     0.307  
SMI_Aug_Sd       412   0.291     0.030     0.000     0.315  
SMI_Sep_Sd       412   0.288     0.030     0.000     0.317  
SMI_Oct_Sd       412   0.280     0.029     0.000     0.313  
SMI_Nov_Sd       412   0.272     0.029     0.000     0.306  
SMI_Dec_Sd       412   0.268     0.028     0.000     0.298  
Pre_Jan_Sd       412  39.580    13.035     0.000    103.462 
Pre_Feb_Sd       412  35.347    11.592     0.000    91.905  
Pre_Mar_Sd       412  31.634     8.149     0.000    69.306  
Pre_Apr_Sd       412  39.806     9.713     0.000    77.282  
Pre_May_Sd       412  39.186     7.047     0.000    74.922  
Pre_Jun_Sd       412  36.107     6.954     0.000    66.222  
Pre_Jul_Sd       412  42.981     6.708     0.000    66.765  
Pre_Aug_Sd       412  38.165     6.043     0.000    64.575  
Pre_Sep_Sd       412  43.801    10.171     0.000    86.585  
Pre_Oct_Sd       412  47.854    13.506     0.000    107.780 
Pre_Nov_Sd       412  47.701    14.337     0.000    119.254 
Pre_Dec_Sd       412  47.688    15.106     0.000    121.993 
Tav_Jan_Sd       412   1.908     0.225     0.000     2.235  
Tav_Feb_Sd       412   1.753     0.235     0.000     2.240  
Tav_Mar_Sd       412   1.878     0.273     0.000     2.447  
Tav_Apr_Sd       412   1.749     0.218     0.000     2.134  
Tav_May_Sd       412   2.002     0.264     0.000     2.353  
Tav_Jun_Sd       412   1.660     0.293     0.000     2.214  
Tav_Jul_Sd       412   1.702     0.300     0.000     2.244  
Tav_Aug_Sd       412   1.463     0.256     0.000     2.079  
Tav_Sep_Sd       412   1.736     0.251     0.000     2.240  
Tav_Oct_Sd       412   1.515     0.232     0.000     2.039  
Tav_Nov_Sd       412   1.482     0.191     0.000     1.934  
Tav_Dec_Sd       412   1.555     0.221     0.000     1.937  
SMI_Aug_lag_Sd   412   0.283     0.030     0.000     0.306  
SMI_Sep_lag_Sd   412   0.282     0.030     0.000     0.308  
SMI_Oct_lag_Sd   412   0.274     0.029     0.000     0.306  
SMI_Nov_lag_Sd   412   0.269     0.029     0.000     0.303  
SMI_Dec_lag_Sd   412   0.266     0.028     0.000     0.296  
Tav_Aug_lag_Sd   412   1.418     0.241     0.000     2.028  
Tav_Sep_lag_Sd   412   1.713     0.238     0.000     2.149  
Tav_Oct_lag_Sd   412   1.508     0.230     0.000     2.028  
Tav_Nov_lag_Sd   412   1.486     0.187     0.000     1.917  
Tav_Dec_lag_Sd   412   1.560     0.221     0.000     1.956  
Pre_Aug_lag_Sd   412  37.901     6.062     0.000    64.321  
Pre_Sep_lag_Sd   412  43.891    10.356     0.000    89.549  
Pre_Oct_lag_Sd   412  46.749    12.775     0.000    102.463 
Pre_Nov_lag_Sd   412  46.175    13.836     0.000    120.684 
Pre_Dec_lag_Sd   412  47.890    15.163     0.000    121.517 
------------------------------------------------------------
