
Descriptive statistics
============================================================
Statistic         N    Mean    St. Dev.     Min       Max   
------------------------------------------------------------
comId            412 8,407.973 3,791.133   1,001    16,077  
year_Mean        412 2,084.500   0.000   2,084.500 2,084.500
SMI_Jan_Mean     412   0.552     0.064     0.000     0.650  
SMI_Feb_Mean     412   0.569     0.062     0.000     0.651  
SMI_Mar_Mean     412   0.568     0.063     0.000     0.648  
SMI_Apr_Mean     412   0.580     0.065     0.000     0.653  
SMI_May_Mean     412   0.543     0.059     0.000     0.617  
SMI_Jun_Mean     412   0.497     0.061     0.000     0.603  
SMI_Jul_Mean     412   0.436     0.064     0.000     0.595  
SMI_Aug_Mean     412   0.425     0.065     0.000     0.557  
SMI_Sep_Mean     412   0.418     0.058     0.000     0.535  
SMI_Oct_Mean     412   0.455     0.061     0.000     0.592  
SMI_Nov_Mean     412   0.491     0.069     0.000     0.659  
SMI_Dec_Mean     412   0.512     0.065     0.000     0.658  
Pre_Jan_Mean     412  104.220   23.882     0.000    200.043 
Pre_Feb_Mean     412  81.594    17.917     0.000    155.692 
Pre_Mar_Mean     412  74.438    15.279     0.000    141.763 
Pre_Apr_Mean     412  77.935    16.370     0.000    149.771 
Pre_May_Mean     412  79.486    14.878     0.000    133.461 
Pre_Jun_Mean     412  66.739    12.103     0.000    100.910 
Pre_Jul_Mean     412  72.165    11.601     0.000    101.851 
Pre_Aug_Mean     412  65.762    13.781     0.000    105.502 
Pre_Sep_Mean     412  75.403    14.395     0.000    122.410 
Pre_Oct_Mean     412  85.371    14.813     0.000    136.101 
Pre_Nov_Mean     412  100.636   22.595     0.000    170.409 
Pre_Dec_Mean     412  102.006   23.000     0.000    180.608 
Tav_Jan_Mean     412   4.039     0.844     0.000     5.799  
Tav_Feb_Mean     412   4.293     0.819     0.000     5.982  
Tav_Mar_Mean     412   6.186     0.878     0.000     7.582  
Tav_Apr_Mean     412  10.211     1.184     0.000    11.521  
Tav_May_Mean     412  14.678     1.597     0.000    16.148  
Tav_Jun_Mean     412  18.120     1.970     0.000    20.062  
Tav_Jul_Mean     412  19.902     2.171     0.000    22.170  
Tav_Aug_Mean     412  18.976     2.002     0.000    20.908  
Tav_Sep_Mean     412  15.516     1.635     0.000    16.996  
Tav_Oct_Mean     412  11.662     1.279     0.000    12.949  
Tav_Nov_Mean     412   7.892     1.015     0.000     9.530  
Tav_Dec_Mean     412   5.498     0.950     0.000     7.298  
SMI_Aug_lag_Mean 412   0.441     0.067     0.000     0.567  
SMI_Sep_lag_Mean 412   0.435     0.060     0.000     0.554  
SMI_Oct_lag_Mean 412   0.477     0.063     0.000     0.601  
SMI_Nov_lag_Mean 412   0.503     0.070     0.000     0.649  
SMI_Dec_lag_Mean 412   0.522     0.066     0.000     0.648  
Tav_Aug_lag_Mean 412  18.859     1.987     0.000    20.752  
Tav_Sep_lag_Mean 412  15.471     1.632     0.000    16.908  
Tav_Oct_lag_Mean 412  11.686     1.281     0.000    12.958  
Tav_Nov_lag_Mean 412   7.902     1.018     0.000     9.543  
Tav_Dec_lag_Mean 412   5.387     0.952     0.000     7.208  
Pre_Aug_lag_Mean 412  67.381    14.064     0.000    110.489 
Pre_Sep_lag_Mean 412  76.618    14.503     0.000    121.803 
Pre_Oct_lag_Mean 412  82.804    14.437     0.000    129.695 
Pre_Nov_lag_Mean 412  98.603    21.947     0.000    167.023 
Pre_Dec_lag_Mean 412  102.537   22.978     0.000    180.991 
year_Sd          412   8.803     0.000     8.803     8.803  
SMI_Jan_Sd       412   0.263     0.033     0.000     0.301  
SMI_Feb_Sd       412   0.258     0.034     0.000     0.319  
SMI_Mar_Sd       412   0.247     0.032     0.000     0.307  
SMI_Apr_Sd       412   0.281     0.036     0.000     0.331  
SMI_May_Sd       412   0.309     0.034     0.000     0.346  
SMI_Jun_Sd       412   0.288     0.033     0.000     0.338  
SMI_Jul_Sd       412   0.290     0.033     0.000     0.333  
SMI_Aug_Sd       412   0.305     0.035     0.000     0.354  
SMI_Sep_Sd       412   0.298     0.035     0.000     0.345  
SMI_Oct_Sd       412   0.296     0.034     0.000     0.336  
SMI_Nov_Sd       412   0.281     0.035     0.000     0.331  
SMI_Dec_Sd       412   0.270     0.034     0.000     0.325  
Pre_Jan_Sd       412  30.930     7.605     0.000    68.553  
Pre_Feb_Sd       412  31.072     9.161     0.000    68.263  
Pre_Mar_Sd       412  27.285     6.828     0.000    56.663  
Pre_Apr_Sd       412  40.437     8.990     0.000    70.706  
Pre_May_Sd       412  36.380     6.332     0.000    61.180  
Pre_Jun_Sd       412  38.609     6.420     0.000    64.466  
Pre_Jul_Sd       412  47.992     6.886     0.000    62.195  
Pre_Aug_Sd       412  33.717     6.208     0.000    50.402  
Pre_Sep_Sd       412  37.806     8.671     0.000    68.341  
Pre_Oct_Sd       412  41.151     7.665     0.000    64.525  
Pre_Nov_Sd       412  41.856    10.250     0.000    81.923  
Pre_Dec_Sd       412  40.292     9.400     0.000    77.271  
Tav_Jan_Sd       412   2.159     0.263     0.000     2.543  
Tav_Feb_Sd       412   1.736     0.238     0.000     2.202  
Tav_Mar_Sd       412   1.989     0.302     0.000     2.657  
Tav_Apr_Sd       412   1.715     0.205     0.000     1.936  
Tav_May_Sd       412   2.110     0.269     0.000     2.396  
Tav_Jun_Sd       412   1.842     0.340     0.000     2.463  
Tav_Jul_Sd       412   1.915     0.308     0.000     2.420  
Tav_Aug_Sd       412   1.202     0.163     0.000     1.401  
Tav_Sep_Sd       412   1.475     0.173     0.000     1.664  
Tav_Oct_Sd       412   1.387     0.163     0.000     1.612  
Tav_Nov_Sd       412   1.383     0.182     0.000     1.831  
Tav_Dec_Sd       412   1.765     0.297     0.000     2.315  
SMI_Aug_lag_Sd   412   0.297     0.034     0.000     0.345  
SMI_Sep_lag_Sd   412   0.291     0.035     0.000     0.337  
SMI_Oct_lag_Sd   412   0.289     0.035     0.000     0.327  
SMI_Nov_lag_Sd   412   0.276     0.035     0.000     0.317  
SMI_Dec_lag_Sd   412   0.268     0.034     0.000     0.318  
Tav_Aug_lag_Sd   412   1.205     0.163     0.000     1.401  
Tav_Sep_lag_Sd   412   1.463     0.169     0.000     1.632  
Tav_Oct_lag_Sd   412   1.386     0.162     0.000     1.611  
Tav_Nov_lag_Sd   412   1.389     0.180     0.000     1.827  
Tav_Dec_lag_Sd   412   1.751     0.293     0.000     2.294  
Pre_Aug_lag_Sd   412  33.482     6.131     0.000    49.678  
Pre_Sep_lag_Sd   412  37.789     8.516     0.000    68.250  
Pre_Oct_lag_Sd   412  39.341     7.348     0.000    61.397  
Pre_Nov_lag_Sd   412  41.013    10.247     0.000    81.654  
Pre_Dec_lag_Sd   412  40.732     9.443     0.000    77.596  
------------------------------------------------------------
